186
624
856
558
145
186
624
856
557
147
185
627
856
563
148
189
626
860
564
150
192
634
863
566
157
193
634
865
572
157
196
629
869
570
159
196
636
867
571
157
196
633
866
571
158
196
632
866
567
154
189
632
863
560
151
190
634
861
564
160
189
630
859
566
150
193
630
863
570
154
198
633
868
570
160
198
638
870
573
161
201
640
869
569
106
456
870
473
106
550
858
376
124
641
825
287
169
717
767
209
232
786
692
148
311
831
605
109
403
855
511
96
495
859
417
104
592
836
324
143
678
796
244
204
754
734
180
276
818
657
134
365
855
565
106
456
869
469
104
546
857
368
123
633
820
278
165
712
759
199
227
777
686
138
306
826
600
102
395
851
509
93
490
862
411
108
588
839
322
143
679
796
244
200
758
732
181
273
820
652
134
360
856
565
109
454
869
468
105
548
860
374
128
653
824
286
160
724
764
208
229
781
688
147
308
833
601
110
398
860
508
100
493
863
414
112
593
842
328
145
682
799
248
205
760
737
187
277
820
658
137
362
858
565
110
457
872
468
110
551
859
371
130
642
823
284
172
722
763
208
233
786
689
149
310
832
600
113
399
858
507
95
498
859
414
109
596
837
325
143
685
795
248
202
762
735
184
278
821
654
133
364
856
564
154
204
640
866
558
152
198
642
862
558
146
193
634
854
553
141
194
628
855
550
143
189
631
855
553
142
190
633
855
557
145
197
634
863
557
148
197
638
865
561
152
201
643
864
564
152
202
642
867
561
154
202
642
865
564
149
201
641
865
560
150
200
637
861
558
149
195
636
857
556
149
198
634
860
557
148
196
636
864
560
152
200
642
865
563
154
202
643
868
567
156
206
644
871
567
158
206
647
870
566
157
205
644
867
564
152
204
640
868
559
152
198
639
860
554
149
196
637
858
556
147
199
637
860
555
147
198
638
863
554
149
200
641
862
559
149
203
642
866
561
156
206
644
868
563
156
204
646
867
562
150
204
640
865
557
150
196
638
856
554
144
195
633
858
549
141
193
631
853
550
140
189
634
853
553
143
195
634
858
556
147
201
638
864
557
153
201
643
863
561
151
203
645
864
561
150
213
625
850
563
105
454
868
467
102
548
854
372
123
638
819
284
166
721
764
206
228
785
690
146
308
833
604
112
398
857
510
99
497
863
420
112
598
843
326
148
687
805
250
204
767
738
183
279
820
659
134
365
857
567
109
457
869
466
106
548
857
372
129
639
821
281
170
720
763
206
232
787
690
146
310
835
603
111
410
858
508
98
497
862
415
112
595
844
323
147
685
798
247
206
758
735
180
277
820
654
134
363
856
561
108
451
866
460
102
545
849
364
120
635
815
274
163
715
756
200
226
781
684
142
309
829
594
106
400
857
508
98
497
861
411
108
593
840
324
145
683
797
243
204
756
733
178
277
816
652
131
362
854
561
106
456
867
464
103
550
857
369
124
639
820
278
169
718
761
200
232
783
689
145
311
834
602
113
403
860
511
100
501
867
415
115
599
846
328
152
690
802
248
208
764
736
183
278
823
658
136
365
856
564
116
372
840
650
148
279
791
727
204
203
721
792
278
149
641
836
361
109
549
861
456
97
456
859
551
109
361
834
646
145
278
789
728
203
205
728
794
281
152
649
843
370
117
559
867
465
102
460
865
554
115
362
838
643
146
274
787
721
198
199
719
787
269
141
635
832
355
105
544
856
452
93
453
855
549
106
360
834
643
144
273
789
725
203
204
728
792
282
148
648
839
367
113
556
863
462
102
460
864
557
113
365
839
648
150
278
793
725
204
202
725
789
276
142
642
834
