392
108
533
865
485
98
431
859
578
118
343
828
663
159
257
777
740
217
184
707
801
295
134
623
844
385
106
530
864
483
100
439
860
579
120
346
830
669
161
267
782
746
223
188
712
804
297
138
624
844
384
105
529
859
475
96
431
855
567
114
334
824
656
152
252
771
735
212
184
701
800
288
136
619
845
380
108
570
840
479
104
439
861
571
107
448
867
476
103
544
858
380
126
636
831
293
167
719
773
216
231
782
698
151
303
831
611
113
394
856
518
94
484
861
418
107
585
839
329
138
673
799
252
196
751
736
184
272
818
663
136
366
855
575
102
453
872
488
106
548
864
384
128
640
830
294
170
719
774
216
232
784
701
154
309
830
611
115
394
858
515
99
488
860
415
110
586
840
326
139
672
797
245
194
751
731
181
270
813
658
135
355
855
568
111
450
872
475
106
544
860
380
124
638
824
289
164
718
767
212
225
784
691
150
302
827
603
107
391
852
507
91
487
854
416
102
584
834
325
137
672
794
245
192
752
734
178
267
810
658
133
356
852
570
107
451
867
475
102
545
860
379
127
638
826
290
169
718
770
213
230
784
697
150
309
830
610
111
396
855
514
95
489
859
416
107
586
840
327
141
675
800
246
198
754
738
184
271
818
657
139
357
860
578
126
356
839
669
165
271
787
745
221
199
716
807
296
144
631
848
381
109
536
863
474
99
440
856
567
113
346
828
659
153
262
778
737
212
191
709
801
290
136
629
842
382
108
540
864
478
103
448
863
574
118
353
837
660
160
268
787
741
219
194
714
799
290
136
631
843
378
103
530
856
469
80
435
851
555
106
339
824
651
146
256
774
731
210
188
710
797
290
138
628
844
379
110
536
866
475
104
442
863
571
120
351
836
660
158
267
789
742
219
196
716
803
293
142
629
844
377
106
535
863
470
98
436
856
563
114
345
828
650
152
260
778
735
212
193
712
803
292
142
632
848
381
114
544
870
481
105
450
867
577
125
357
840
667
160
273
788
742
217
200
720
805
294
144
633
844
375
110
537
862
472
98
443
855
567
112
349
830
656
150
264
780
734
211
191
713
797
290
138
632
842
377
109
543
867
478
105
449
866
566
112
452
870
470
107
545
859
371
124
638
821
283
166
717
761
205
226
782
685
144
302
825
600
106
394
852
508
91
490
854
414
103
589
834
325
138
677
793
243
196
755
731
180
270
812
656
132
357
852
568
106
453
868
471
103
546
852
376
125
628
824
286
162
720
765
206
231
785
693
147
309
830
607
110
398
855
510
95
494
859
418
107
591
842
329
144
681
800
248
202
759
738
181
278
818
661
136
364
858
569
111
456
873
471
109
549
862
376
129
640
825
286
171
722
768
208
234
787
692
153
309
832
604
112
399
860
509
97
495
861
413
109
591
839
325
144
679
794
245
201
757
732
179
274
820
653
135
362
858
563
110
454
869
467
103
551
855
372
125
640
818
281
165
717
760
205
227
784
685
144
304
828
598
106
394
852
504
91
489
852
412
104
590
835
322
139
681
792
247
199
758
732
179
273
818
610
158
366
852
571
158
195
633
867
571
161
193
632
865
572
158
194
629
865
568
156
190
630
862
567
153
189
624
860
565
151
185
626
861
569
155
196
628
862
571
150
196
631
869
572
160
184
635
870
577
163
198
637
870
578
160
202
634
871
572
162
198
636
866
575
158
197
632
866
570
156
193
630
863
566
153
189
630
862
568
152
192
630
862
566
150
192
627
865
563
154
190
632
864
570
153
197
632
867
572
159
199
635
867
572
158
198
636
868
570
156
195
630
865
566
152
189
627
859
565
149
