224
781
708
162
299
833
624
119
391
858
530
95
482
860
432
104
575
846
338
130
670
804
254
191
740
739
184
259
802
668
136
344
848
580
109
440
868
485
107
536
864
391
126
630
837
303
169
712
784
223
228
782
712
162
303
834
623
120
390
859
528
101
483
864
430
106
576
843
335
136
663
801
254
187
741
741
184
256
806
661
135
343
847
588
123
333
825
676
167
255
774
757
232
188
701
817
309
137
615
853
398
108
518
867
491
101
419
856
583
118
325
817
669
160
241
762
744
218
175
687
803
298
126
603
843
390
99
514
859
490
97
421
853
587
120
334
823
675
166
250
771
755
231
183
700
812
309
133
615
851
402
106
523
867
496
103
425
857
588
122
329
822
672
163
245
768
746
225
177
695
807
303
128
610
847
395
106
516
864
490
104
422
860
590
125
336
831
679
172
255
777
757
236
187
708
818
316
138
620
855
403
110
523
866
495
104
426
858
587
122
331
823
671
164
247
771
746
226
177
697
806
304
128
612
845
394
103
518
863
487
100
424
856
586
125
336
827
679
165
255
777
758
233
187
705
814
311
129
621
850
404
107
520
866
488
103
413
855
580
116
325
821
665
158
242
763
741
218
174
691
800
297
126
607
843
315
124
530
863
484
99
424
855
575
106
440
866
481
102
537
859
385
121
630
830
297
164
713
779
221
227
780
707
159
305
832
622
116
393
860
525
99
482
863
424
104
576
841
331
135
665
800
250
190
742
740
183
262
806
667
136
351
853
577
112
445
871
484
107
543
865
389
127
634
836
299
170
716
779
223
230
785
707
159
305
831
619
118
390
860
524
100
484
864
427
106
580
842
331
134
667
801
249
188
745
738
182
261
805
659
134
345
850
572
109
442
870
479
109
540
864
385
127
633
833
296
166
716
774
219
225
782
699
156
301
827
614
112
388
852
517
93
480
854
420
100
576
832
329
130
663
794
248
184
743
735
182
259
809
660
133
345
848
572
102
443
866
479
105
539
859
380
123
632
828
295
167
716
778
219
231
782
703
150
303
829
623
118
388
857
521
98
485
860
421
102
579
839
334
133
668
795
252
191
747
740
185
263
811
664
137
352
853
589
124
345
833
679
166
265
781
754
231
194
712
813
307
138
626
852
396
108
531
866
488
101
430
857
578
118
336
823
667
157
253
771
744
219
184
700
804
296
133
617
847
389
104
526
863
486
102
432
859
584
123
345
831
675
165
263
779
751
225
189
710
810
303
137
623
846
390
100
527
861
481
95
427
854
572
112
334
820
661
154
249
768
735
216
178
699
800
296
128
616
843
386
103
527
863
484
102
431
859
581
123
341
833
670
165
258
778
749
227
188
707
810
302
139
620
851
389
108
528
865
484
103
430
858
579
117
337
822
667
156
253
772
742
217
185
702
806
296
134
621
847
393
107
529
865
485
107
437
865
584
127
344
837
674
170
262
783
750
228
195
708
813
301
141
624
852
390
111
527
869
482
103
432
857
576
108
336
827
666
158
255
769
743
223
174
705
806
295
137
618
846
386
107
528
868
482
105
436
863
581
122
344
834
673
161
263
784
751
224
192
711
810
298
136
622
847
386
105
525
859
477
96
428
853
569
111
334
821
661
152
252
769
738
212
182
701
800
294
133
619
844
386
101
529
863
484
100
435
858
580
119
343
832
670
161
260
780
747
223
192
710
807
303
137
626
845
390
108
531
860
484
97
434
856
576
114
338
825
664
149
254
773
742
218
184
704
805
296
135
621
847
388
108
534
869
486
103
442
864
585
124
348
834
676
166
265
785
748
227
193
713
810
306
138
626
846
