477
483
479
486
480
482
483
484
484
483
485
483
485
481
486
484
485
483
487
485
485
484
482
485
485
482
482
483
483
482
479
484
478
479
480
478
478
476
479
476
476
475
478
474
480
479
480
480
484
483
484
483
486
484
488
477
485
488
492
487
488
494
488
490
492
488
487
492
489
488
485
489
486
485
485
484
483
483
482
483
482
481
481
480
489
479
479
480
478
478
480
478
480
478
481
478
480
478
481
482
482
482
481
482
486
483
486
483
486
486
486
485
488
485
485
486
487
485
483
483
481
479
482
482
478
479
477
479
476
477
476
476
475
475
475
474
473
476
474
474
474
475
473
477
476
475
477
475
478
478
480
479
483
481
483
483
484
482
484
482
486
483
485
485
485
483
487
484
485
484
484
484
483
485
484
485
483
484
480
483
479
481
478
478
477
475
478
478
477
476
479
477
481
477
480
478
484
483
479
484
485
486
484
488
484
485
487
489
488
489
489
488
489
487
490
488
488
485
485
484
487
486
486
484
484
482
482
483
480
484
482
482
474
481
481
480
477
479
474
478
477
481
478
479
479
481
477
477
482
480
482
482
483
483
484
483
486
485
486
486
487
487
487
487
487
485
483
486
481
483
481
482
481
480
481
479
477
479
478
475
475
475
474
471
473
472
471
473
472
515
449
542
858
641
202
142
548
858
646
204
145
552
862
646
205
151
559
864
643
200
116
592
870
638
195
158
574
867
627
189
163
582
869
614
181
170
595
865
598
170
308
560
848
578
163
183
622
860
561
158
195
641
867
542
139
214
665
857
527
135
236
616
874
519
122
256
713
851
479
120
286
736
842
446
114
310
757
826
411
108
336
779
846
352
96
366
802
782
341
101
400
812
751
303
104
439
831
722
269
113
481
845
690
191
153
531
854
652
201
152
574
866
612
174
185
621
869
568
152
218
670
863
513
203
212
700
844
461
113
297
753
816
397
99
344
786
779
337
97
398
816
735
281
103
386
859
700
229
121
525
854
633
186
156
593
862
572
151
203
659
856
509
124
261
723
843
415
105
333
776
806
368
102
395
819
755
298
116
474
847
695
233
139
549
862
620
132
205
629
856
536
128
235
694
839
451
104
306
760
804
367
95
390
816
751
288
187
460
858
682
223
153
575
872
598
165
208
665
864
502
126
283
747
829
405
108
370
736
787
324
110
466
849
686
223
145
567
862
588
155
197
664
849
482
109
289
750
809
418
71
387
816
743
276
117
504
855
652
181
170
618
854
546
135
261
723
838
430
107
313
828
778
313
111
470
854
678
213
151
590
862
558
137
228
698
831
430
94
335
857
745
308
99
462
842
667
200
147
591
856
546
128
241
710
831
416
98
363
805
756
218
139
514
858
645
187
180
639
862
511
120
286
754
813
369
102
418
832
716
241
138
571
840
572
148
226
694
838
431
100
351
799
757
287
110
500
855
633
173
185
652
851
440
134
316
777
787
332
109
467
853
675
206
173
630
865
523
123
293
765
810
360
181
450
836
692
221
162
610
865
531
123
275
751
806
361
100
434
840
684
214
154
606
787
540
133
277
752
800
347
100
446
847
674
203
166
625
860
504
119
303
775
792
327
153
484
858
653
190
193
660
856
467
109
340
801
760
285
121
524
861
594
148
219
697
784
425
97
383
819
705
225
140
580
857
518
115
271
751
792
330
102
469
852
644
250
172
652
848
448
105
365
812
741
252
136
567
860
556
132
278
749
806
343
105
468
783
670
193
193
669
846
441
102
373
820
722
242
139
586
860
523
115
287
767
780
310
149
451
856
601
155
228
714
828
387
105
433
850
677
