1651 9 11000 1 2710 a
394
110
529
864
487
99
432
855
576
115
335
823
663
169
251
772
740
218
183
697
804
299
136
621
850
392
112
529
868
485
109
438
864
583
127
347
833
675
167
265
782
752
225
194
710
814
304
142
623
852
390
110
529
864
482
102
432
857
577
118
340
823
668
157
257
774
744
218
186
702
803
296
136
620
846
386
106
532
864
484
104
438
967
570
110
449
877
474
106
545
861
380
127
635
827
287
169
715
770
210
229
779
694
148
299
824
608
109
390
853
515
92
484
856
417
102
581
836
328
137
671
794
246
194
748
735
179
269
811
661
135
354
851
569
108
448
865
476
104
538
857
380
123
636
825
291
167
716
771
217
230
786
701
154
308
829
614
114
396
855
516
96
486
858
420
107
586
841
327
141
672
798
248
199
753
741
181
269
812
662
137
355
852
574
112
452
877
477
109
548
863
379
133
640
828
294
173
718
771
216
235
777
699
154
300
834
611
117
398
861
514
101
491
861
420
110
587
839
326
140
675
795
246
195
751
737
180
270
812
660
134
355
856
568
110
454
869
474
109
546
858
378
127
639
824
285
169
717
766
211
224
782
690
149
303
828
604
111
391
851
508
91
488
853
415
101
583
833
326
136
674
795
243
194
752
735
178
269
809
657
134
355
853
584
143
255
743
812
349
108
482
861
635
163
224
704
833
393
111
428
848
667
194
183
664
844
437
100
378
822
705
222
151
614
855
486
105
338
798
746
259
134
569
864
538
126
293
779
782
308
123
533
870
584
146
261
745
816
354
112
485
866
633
170
223
707
836
397
104
433
845
674
192
186
662
847
435
102
379
824
707
223
155
615
856
479
106
336
800
743
260
133
573
863
534
122
297
774
782
304
117
526
867
591
150
260
744
815
348
112
480
863
631
164
223
704
832
390
100
427
840
664
186
179
658
840
430
94
373
821
699
217
146
613
849
480
97
332
793
743
258
134
567
863
533
121
294
772
780
304
119
530
866
584
140
259
744
813
345
111
479
860
628
164
224
705
831
391
104
432
848
670
192
182
663
845
440
100
379
824
705
220
152
616
855
484
104
337
802
746
259
135
577
864
538
123
196
806
794
308
124
533
871
568
114
456
873
476
110
549
858
384
126
641
826
293
171
720
770
213
232
787
697
151
308
834
607
114
399
856
515
99
493
861
418
108
589
837
328
140
678
792
247
194
753
735
182
271
815
657
134
360
857
575
109
455
869
473
105
549
858
373
124
635
824
287
166
724
766
208
226
779
688
143
303
825
603
104
392
850
507
91
489
853
412
103
585
837
323
141
675
795
244
197
753
733
180
271
811
656
131
360
852
568
107
453
868
470
107
546
860
375
126
638
826
287
172
719
771
211
232
783
694
149
310
832
606
111
396
857
510
94
493
860
415
108
588
841
326
144
679
798
248
202
757
738
184
277
817
661
137
364
857
572
112
458
873
475
112
550
861
375
129
641
828
286
173
719
770
209
235
785
693
151
307
834
604
113
400
864
510
97
494
860
415
108
589
838
325
142
677
799
243
200
757
736
183
275
816
658
135
360
857
585
169
191
625
868
584
162
189
620
868
577
162
182
615
860
573
159
179
613
855
573
156
181
611
857
571
155
177
612
856
574
155
182
613
859
576
159
184
618
862
578
162
187
620
865
583
163
188
620
869
583
166
191
624
865
586
164
189
622
870
582
163
187
622
859
581
162
182
620
861
569
156
181
615
861
574
158
181
619
862
577
160
184
622
863
584
160
190
622
869
582
166
193
624
872
586
170
193
628
869
588
167
193
625
872
583
168
189
626
870
584
163
189
622
864
580
161
