1651 9 11000 1 2710 a
366
103
544
856
452
93
446
858
551
111
356
835
641
147
275
791
727
204
206
724
795
277
149
644
842
367
116
553
866
462
103
459
863
560
114
365
839
649
148
279
791
729
203
206
723
792
278
142
642
833
361
106
550
857
455
97
454
859
552
111
362
838
645
151
276
795
729
210
207
732
797
284
152
651
846
373
120
558
872
465
93
483
874
555
118
367
844
649
151
280
792
729
204
206
725
792
276
147
643
837
362
110
551
858
457
96
457
857
551
104
362
836
644
147
277
792
725
204
207
727
794
280
150
650
841
370
118
560
865
462
103
465
864
557
113
366
838
645
146
277
791
719
199
200
720
784
271
142
639
832
354
105
547
857
449
94
452
855
546
108
361
833
641
143
276
791
725
204
207
728
792
281
150
650
838
365
119
557
865
461
102
463
863
556
113
366
840
647
148
280
794
713
204
205
723
787
274
147
644
835
360
110
552
857
455
95
456
860
553
111
366
836
645
148
282
793
730
205
210
731
796
283
156
656
844
372
119
563
869
465
107
468
869
559
117
369
843
646
151
281
796
724
205
204
731
788
279
146
644
838
359
111
552
858
452
100
457
860
547
110
362
838
639
147
276
795
723
204
209
732
793
280
152
652
843
367
119
563
865
459
105
463
866
551
129
281
765
787
314
110
509
856
590
140
235
722
807
353
93
458
843
634
160
201
681
831
400
97
410
836
680
197
174
645
852
450
103
367
823
723
239
152
607
864
505
113
327
799
759
278
134
559
868
552
126
285
766
792
314
117
510
863
594
140
242
727
816
354
101
459
849
634
166
202
688
834
403
99
412
839
681
194
179
654
854
458
105
374
824
728
241
159
613
870
509
118
333
801
764
278
138
564
870
552
127
286
769
790
316
117
513
862
594
144
240
730
811
356
100
463
852
637
166
206
690
831
402
96
415
836
680
198
176
650
850
453
104
374
823
723
237
157
613
868
504
118
331
801
760
276
133
564
866
549
121
280
765
784
310
111
510
857
587
136
237
726
803
348
97
459
844
630
162
201
687
829
397
95
413
835
676
195
177
650
853
448
106
371
822
723
237
155
609
866
501
116
322
802
759
276
135
565
868
549
114
369
843
644
145
281
790
721
200
203
727
784
271
146
653
830
356
117
552
857
445
99
460
862
548
113
369
842
641
149
284
797
726
207
212
738
795
284
157
657
844
366
122
566
869
459
107
466
868
550
115
370
841
643
148
280
796
722
200
211
728
785
271
149
646
833
357
112
554
862
448
99
460
862
545
114
367
841
636
145
285
798
724
205
212
732
794
278
156
654
843
359
118
560
863
452
103
463
864
546
112
366
842
632
142
278
791
714
194
199
722
782
260
143
640
828
348
106
551
857
445
95
457
858
542
105
369
840
638
144
284
796
724
199
211
732
790
276
154
656
837
359
118
564
864
454
102
465
859
550
112
374
840
640
148
281
794
730
199
205
733
785
272
147
652
836
359
109
556
855
450
97
465
862
546
115
372
843
639
148
287
802
726
207
212
738
795
279
158
658
840
366
119
568
867
455
106
469
881
528
143
217
662
859
537
137
219
658
859
534
137
215
658
859
532
138
209
662
855
535
138
217
657
861
536
140
216
663
860
538
140
220
664
860
540
142
223
663
867
538
145
214
664
861
537
143
217
662
859
534
136
217
657
854
529
136
210
656
850
529
130
203
650
851
525
132
219
653
848
533
136
211
656
855
532
141
215
660
861
533
141
218
674
859
538
129
221
660
863
534
143
230
663
860
540
142
219
662
865
538
142
219
661
861
537
139
215
661
855
531
136
213
656
856
536
138
