1651 9 11000 1 2710 a
206
659
855
534
138
216
662
862
538
143
219
663
865
540
143
220
666
864
541
147
225
664
866
539
147
221
668
863
540
146
221
664
863
538
141
218
666
859
534
138
219
659
860
533
137
218
660
859
530
138
218
665
856
531
135
216
658
858
530
141
214
664
858
537
140
225
664
863
539
145
222
668
864
538
145
222
666
860
534
138
219
662
859
528
108
366
839
635
139
274
789
711
194
200
725
780
265
144
641
828
345
109
553
856
442
97
461
863
540
109
368
843
637
145
284
797
721
199
211
735
788
274
156
655
841
366
121
561
866
453
104
466
863
547
112
371
845
638
144
281
795
717
191
208
726
787
266
148
645
832
348
115
558
860
450
101
467
853
548
110
373
842
645
160
290
800
736
202
219
739
793
279
159
659
840
363
118
568
866
456
105
471
865
549
113
376
841
638
144
283
796
715
197
209
731
784
268
148
649
832
357
112
559
859
445
100
465
863
542
115
370
844
637
147
286
803
721
202
214
738
788
276
156
660
837
356
117
564
861
449
101
466
863
541
108
369
838
632
140
279
790
711
189
203
726
778
262
143
644
826
333
110
555
858
442
99
461
863
543
111
370
844
634
143
285
802
719
200
213
736
789
271
156
656
839
360
109
584
486
474
486
483
485
482
485
481
482
479
483
479
481
478
476
477
479
479
477
477
476
479
474
481
479
481
480
482
483
484
483
486
486
488
485
487
486
489
489
490
488
491
490
489
490
491
490
488
486
489
486
484
484
483
484
483
484
479
481
478
480
480
480
480
480
478
479
478
477
480
478
479
478
481
478
479
477
481
481
482
480
482
478
484
484
485
484
487
485
487
486
489
488
488
498
486
484
494
483
482
484
481
484
479
480
477
478
475
478
474
477
473
474
473
473
474
472
473
474
476
474
475
477
477
474
479
477
482
478
483
479
482
483
482
480
484
482
485
485
485
483
486
487
484
487
483
486
483
486
483
485
483
486
482
484
483
483
480
482
478
481
479
478
478
475
477
475
479
476
479
477
480
477
481
480
484
481
486
487
485
486
485
487
486
491
488
491
489
490
488
491
491
489
489
486
489
486
488
485
483
483
485
483
484
482
482
483
483
479
482
480
478
480
477
478
478
481
478
479
477
481
477
480
479
481
477
482
480
481
481
483
484
482
483
482
487
485
488
485
492
487
487
488
487
484
485
485
488
483
484
480
481
475
479
477
478
478
476
477
473
475
472
476
472
476
473
475
460
476
473
477
475
476
482
478
479
479
479
482
488
480
481
483
483
482
485
483
486
482
485
480
485
485
487
483
485
485
484
484
483
485
484
485
483
484
480
481
477
481
479
480
477
479
476
476
477
478
479
478
480
478
482
480
483
481
485
484
485
485
486
484
489
487
489
488
490
489
490
488
488
489
488
490
485
488
488
488
488
487
485
487
483
483
483
483
484
480
481
482
481
479
481
479
480
477
482
479
479
478
480
478
481
461
480
477
481
478
483
481
486
483
486
482
485
485
486
488
484
488
485
487
485
485
483
486
484
483
482
484
482
481
482
480
479
478
478
476
476
476
477
472
474
471
473
473
473
474
476
474
476
475
476
482
489
479
480
480
479
479
471
483
482
482
480
482
482
484
484
480
485
480
484
486
485
483
486
485
484
484
483
484
483
481
481
483
484
481
481
491
478
481
467
484
478
474
476
478
466
480
479
475
479
480
482
481
486
483
484
483
486
484
487
484
488
487
491
489
487
490
492
489
489
489
489
487
488
488
486
485
485
487
483
485
484
483
483
480
482
484
480
483
478
481
478
475
478
475
484
475
481
478
481
