1651 9 11000 1 2710 a
577
866
614
175
182
624
868
565
150
214
671
857
513
115
298
715
845
457
108
300
751
819
399
101
347
786
784
340
98
402
820
741
285
108
475
824
693
240
134
532
863
640
193
167
602
872
581
158
210
668
863
517
131
269
487
837
454
110
328
780
808
374
105
398
821
756
298
113
474
846
692
231
136
546
860
725
146
171
627
859
538
130
234
698
839
453
105
309
764
802
371
97
392
817
749
290
104
506
855
680
219
154
582
872
600
162
208
668
857
500
118
279
744
821
400
99
366
815
737
301
110
459
843
679
215
137
562
858
581
150
197
658
843
475
108
283
747
700
401
106
387
819
740
279
120
504
859
649
195
171
619
864
544
134
257
719
837
425
210
325
791
774
314
112
468
855
676
214
153
590
866
559
140
234
701
835
430
99
337
776
790
309
104
464
848
673
208
158
596
866
552
136
249
718
838
421
109
370
815
763
307
105
503
870
651
192
186
638
866
515
122
289
754
816
370
104
420
831
716
240
37
558
873
578
142
224
697
836
431
100
353
800
758
290
113
504
859
635
173
192
655
960
453
103
315
781
790
330
109
471
854
673
201
174
628
866
515
120
291
760
806
353
92
439
844
682
211
154
601
859
521
119
268
745
803
350
98
424
835
678
203
152
599
866
498
115
279
754
800
351
104
447
845
676
203
163
628
861
507
118
303
788
789
221
131
479
858
656
182
191
652
855
465
110
340
800
756
287
120
525
864
598
153
218
809
800
394
99
393
825
709
230
144
588
863
529
123
282
760
800
335
110
476
860
651
172
220
675
854
451
109
371
820
744
259
140
575
871
558
136
273
754
808
350
110
469
875
627
179
196
672
845
436
102
372
820
723
242
141
587
863
521
118
292
770
783
208
139
524
860
603
151
230
715
829
386
104
437
856
677
200
187
656
857
455
106
370
925
700
235
136
596
864
510
113
308
780
765
280
118
535
858
557
125
261
742
792
327
89
499
854
606
146
223
713
819
372
99
446
849
649
177
198
683
838
411
102
414
844
694
180
180
664
853
444
104
390
832
703
219
170
642
859
461
107
367
822
716
226
54
680
864
469
101
354
811
721
229
148
612
855
478
106
349
812
725
237
152
616
860
588
80
350
822
728
239
160
624
863
478
112
370
827
724
229
170
638
862
462
109
387
819
726
211
176
651
851
437
102
402
836
680
189
188
677
833
404
97
431
848
644
165
218
685
819
373
105
470
856
611
149
247
747
806
332
117
521
870
571
134
291
778
819
312
139
570
865
515
113
337
807
731
231
156
626
850
447
94
393
829
675
182
187
788
795
366
95
460
853
604
139
241
742
789
306
115
539
862
536
111
320
800
741
240
146
647
860
449
103
408
846
668
180
214
713
822
357
109
504
866
576
136
290
785
761
277
122
600
860
466
101
379
832
674
181
200
696
818
354
102
498
859
569
125
296
678
779
263
147
621
857
453
108
417
854
652
174
232
733
812
328
125
553
874
534
120
453
793
709
216
188
679
838
387
105
482
860
579
131
287
785
750
249
149
623
853
428
89
452
853
620
147
250
756
769
279
134
598
859
466
99
405
842
652
170
240
742
798
322
112
576
869
492
108
389
844
665
177
225
733
800
311
120
559
861
483
101
377
725
685
156
218
723
789
295
117
568
849
472
92
393
836
642
159
234
745
784
284
135
705
834
443
105
430
853
625
147
269
778
761
267
154
641
849
414
106
470
864
579
128
300
824
728
215
181
682
828
355
111
527
857
514
99
366
829
665
169
224
738
783
287
141
582
855
440
105
442
861
597
134
303
801
738
223
172
691
832
364
118
549
