1651 9 11000 1 2710 a
482
481
487
482
486
485
486
485
487
490
475
488
487
487
485
488
485
484
481
483
479
483
481
479
477
478
477
476
476
474
475
472
475
473
474
472
473
473
473
473
474
473
476
476
477
479
478
479
478
480
480
482
480
488
482
484
485
485
484
486
485
484
488
483
486
485
487
484
486
485
484
484
483
483
483
484
482
483
478
480
478
481
478
477
476
479
478
478
477
479
479
478
481
479
481
481
484
482
485
485
487
487
486
486
489
487
493
487
491
490
490
489
490
491
489
487
487
488
488
487
484
486
486
485
484
483
482
481
481
479
480
479
477
479
479
478
478
477
480
479
480
479
480
480
481
479
481
482
483
481
485
482
486
486
486
483
487
487
486
485
486
485
485
489
484
486
482
485
481
483
478
480
476
480
478
477
477
477
476
475
476
473
474
471
473
471
473
474
474
478
474
475
477
475
481
476
482
480
482
484
483
484
483
483
476
486
483
480
482
483
481
487
479
473
485
486
484
484
484
483
485
481
483
482
481
482
482
479
481
478
478
478
478
478
477
476
476
478
477
480
479
481
479
484
482
485
484
485
486
488
488
488
487
488
490
487
490
489
491
490
491
490
489
488
491
488
486
484
486
486
482
485
481
484
483
478
480
479
481
480
482
478
480
478
481
476
479
478
480
478
481
480
480
479
479
479
480
481
478
484
479
486
482
486
487
487
487
490
488
486
488
485
485
485
484
483
487
479
482
478
480
480
479
476
478
476
475
475
475
474
475
474
475
472
473
476
473
477
473
476
477
479
480
479
478
479
480
482
482
482
483
481
482
483
483
483
483
483
484
483
485
483
485
484
487
480
485
482
483
481
484
484
483
482
481
484
479
479
478
480
476
490
475
480
476
478
476
479
477
482
482
482
483
482
485
483
486
486
487
487
486
489
486
489
486
491
485
491
487
490
489
489
488
489
489
487
488
484
487
480
487
484
482
481
490
478
482
482
479
479
480
479
481
479
474
480
478
488
479
479
470
482
480
477
476
481
485
484
481
482
480
483
486
483
486
485
488
486
488
485
484
485
489
484
486
483
482
477
481
480
480
480
477
477
478
476
475
477
474
475
475
475
473
475
475
475
476
469
479
476
478
477
479
477
479
477
482
482
482
483
485
482
484
485
481
485
484
487
484
484
482
485
485
484
484
483
484
486
483
483
475
484
481
481
481
481
479
479
479
479
481
480
476
476
477
479
479
479
480
482
479
484
482
484
484
486
482
488
485
486
486
489
488
488
489
487
487
490
491
488
489
488
491
487
488
486
487
485
487
485
485
484
481
480
480
487
479
473
478
482
478
481
477
485
478
479
477
480
477
480
479
480
480
481
478
480
482
481
484
482
484
486
487
485
491
486
489
486
489
486
489
485
483
485
484
484
479
483
481
480
479
480
477
478
476
476
474
476
471
475
473
476
472
474
473
475
472
476
474
477
477
480
480
477
479
479
481
482
485
481
485
483
483
485
483
483
483
486
485
482
484
486
484
495
484
485
483
484
485
481
482
483
481
480
481
477
480
478
480
480
479
476
478
477
479
478
478
477
376
510
491
553
862
643
208
151
558
866
649
209
157
560
872
648
211
155
564
870
645
310
131
562
874
641
197
159
576
869
630
187
164
574
864
614
168
168
594
871
597
167
152
647
865
578
159
189
622
863
564
150
200
641
860
543
141
215
664
862
524
135
237
702
836
501
132
263
714
851
472
118
282
733
837
442
110
302
753
818
403
101
327
809
823
376
89
355
791
768
335
94
391
810
745
297
98
436
829
720
268
112
481
848
796
207
121
530
860
656
204
154
