1651 9 11000 1 2710 a
185
621
863
579
158
182
620
860
587
158
185
615
863
575
160
183
621
861
575
158
186
620
866
579
164
190
626
869
582
165
194
629
869
582
166
192
623
870
581
165
188
623
865
577
161
184
620
860
575
156
182
614
860
572
154
177
616
856
572
152
182
613
858
572
154
184
614
863
574
160
185
625
861
580
158
192
623
868
580
162
190
623
868
565
109
448
869
468
107
546
859
376
125
641
823
289
167
718
766
210
228
785
692
151
306
831
605
112
387
857
510
96
493
861
423
112
589
843
329
143
680
799
253
201
758
739
191
275
821
660
140
362
857
570
112
457
875
474
108
551
858
379
127
641
824
288
168
720
765
211
231
784
692
149
310
831
608
113
400
858
513
97
496
859
418
107
590
838
328
141
680
795
247
200
755
735
181
275
816
657
136
363
853
567
109
456
870
471
106
551
855
374
123
636
817
284
165
715
760
205
229
780
687
146
306
827
601
105
396
852
505
90
492
855
413
104
590
835
326
141
680
794
247
198
757
733
180
273
816
654
131
359
852
563
107
451
868
470
105
548
858
374
128
638
825
284
172
720
767
209
233
785
691
148
309
832
603
113
397
860
511
98
494
863
415
112
594
842
329
146
683
801
247
203
763
735
186
276
928
631
131
364
864
566
112
458
870
460
110
549
866
376
126
641
820
286
169
719
762
210
231
787
691
150
311
834
604
113
402
858
508
98
496
858
415
108
592
838
324
142
681
795
246
203
756
735
178
277
820
657
134
366
856
565
109
456
868
467
109
544
858
366
124
637
818
275
162
716
760
204
226
781
682
144
304
830
596
108
394
854
503
95
495
858
412
109
590
838
324
141
682
793
246
199
758
735
180
275
818
647
134
359
856
561
108
454
869
469
108
553
860
370
126
642
823
285
169
721
763
206
230
787
687
148
308
830
601
107
400
856
511
97
501
861
418
109
599
844
327
148
683
802
247
206
761
738
183
280
819
660
137
368
857
568
113
462
869
471
107
554
858
372
122
642
819
280
172
720
764
207
232
787
684
148
312
834
601
115
402
859
505
96
498
860
417
108
595
836
325
146
684
796
247
204
763
732
181
278
815
655
135
351
856
564
109
355
841
652
154
274
783
727
207
197
720
795
277
137
633
833
364
101
536
854
458
93
444
853
553
109
349
831
645
146
267
786
727
211
197
721
795
285
146
643
842
371
115
549
871
467
106
453
866
562
118
360
838
652
152
275
789
734
211
204
719
795
282
144
638
842
364
108
543
855
461
97
449
856
558
110
357
833
650
149
277
791
733
210
204
726
799
288
151
648
845
377
118
559
869
473
108
456
869
569
121
367
842
649
157
276
795
726
211
202
727
793
280
144
638
838
365
111
547
862
458
99
448
860
555
115
355
834
644
148
273
789
729
206
203
725
797
283
150
645
840
374
119
554
866
468
105
460
866
555
115
363
833
652
150
274
786
725
201
198
710
788
273
138
634
834
357
105
541
858
454
93
450
855
552
105
356
833
647
146
273
785
730
206
205
723
794
285
149
642
843
369
113
553
866
466
101
458
864
562
113
364
836
647
150
277
789
730
207
202
722
793
280
147
642
836
362
106
547
859
457
96
452
857
556
110
358
837
649
149
275
794
731
211
206
729
797
287
153
650
847
376
117
559
868
468
106
464
866
563
116
367
841
653
151
278
789
731
206
204
724
794
278
146
642
837
364
110
550
859
458
96
456
858
553
110
360
836
645
150
275
792
729
204
202
727
792
284
149
645
843
373
119
557
866
462
102
461
863
559
114
363
838
644
151
274
790
722
202
200
728
784
275
150
637
828
