1651 9 11000 1 2710 a
487
481
484
480
483
480
480
478
479
479
474
477
488
476
474
474
474
474
475
474
474
474
474
478
475
477
471
480
472
480
478
483
481
482
484
482
483
481
486
483
485
483
486
484
483
484
485
484
486
485
484
484
473
486
484
479
480
483
472
482
481
482
480
480
477
479
480
478
479
474
478
478
478
477
479
481
482
479
484
483
483
491
487
483
486
488
489
490
488
490
487
491
489
485
491
492
489
489
488
486
487
483
488
482
486
482
483
482
485
482
484
481
482
480
483
479
479
480
478
479
480
478
477
476
476
480
475
480
480
481
478
481
483
482
483
484
482
485
486
488
483
487
485
488
485
489
487
487
485
483
484
483
481
480
483
478
480
478
478
476
478
473
479
473
476
472
476
474
474
474
475
473
475
476
472
479
475
476
480
481
479
485
479
484
486
483
482
481
484
486
483
485
484
479
483
486
483
487
483
486
486
483
486
484
483
481
481
480
482
478
480
480
480
477
479
473
478
478
472
477
477
478
481
478
481
480
485
483
482
485
483
486
485
487
484
489
488
487
488
489
491
489
488
495
489
489
489
488
489
485
488
488
490
483
486
484
486
482
485
483
481
474
483
482
468
479
482
469
481
481
475
482
478
471
478
482
482
478
810
643
34
369
847
572
111
441
865
482
106
536
864
387
127
634
831
300
164
711
777
224
222
779
703
158
297
830
614
114
384
853
521
95
479
856
425
98
579
838
334
130
662
794
250
183
740
734
182
255
804
659
135
345
847
572
109
436
862
482
102
534
861
385
123
628
828
300
170
711
782
222
226
787
706
162
301
834
619
119
388
858
524
100
481
860
428
102
577
839
336
134
668
799
255
188
747
740
188
261
810
663
136
348
849
564
111
444
870
485
107
541
865
391
130
637
835
301
170
716
781
225
229
783
708
159
306
830
621
104
393
858
525
100
487
861
427
110
580
842
333
135
668
798
250
191
741
738
182
261
805
663
133
347
846
572
107
442
868
482
108
539
862
386
131
629
834
297
168
713
776
204
227
780
720
156
301
831
615
112
391
863
520
94
482
854
420
98
574
835
331
130
662
792
247
186
744
737
183
261
804
662
134
348
845
574
107
440
867
477
105
536
861
383
126
631
830
293
167
712
777
217
229
782
705
158
304
833
617
117
390
857
520
98
483
861
422
105
578
840
332
139
666
800
251
189
747
739
188
264
811
664
137
353
853
574
116
445
872
482
110
543
865
389
128
638
832
301
169
718
777
225
228
786
705
159
303
828
616
117
392
858
522
99
485
862
425
106
583
840
330
135
671
797
251
189
747
733
184
263
807
661
135
352
849
572
109
447
871
480
106
544
862
385
125
635
829
295
167
712
772
217
227
780
700
153
302
825
611
110
390
852
515
92
481
854
417
99
575
837
327
131
665
797
243
189
743
736
180
262
805
661
132
342
850
572
109
444
867
477
105
540
862
382
127
632
831
294
170
715
775
219
230
782
703
155
304
831
613
116
392
858
517
96
483
859
420
104
579
840
330
139
670
799
252
192
752
747
168
267
814
664
139
353
855
586
127
342
832
678
170
266
780
753
230
192
709
814
305
140
622
853
395
111
527
866
486
101
431
856
580
118
338
824
667
160
254
772
744
220
185
700
806
301
134
617
847
389
107
531
866
485
105
434
861
584
125
345
831
673
167
261
780
752
226
190
705
809
300
138
618
847
386
105
522
863
480
96
425
850
574
112
333
817
661
152
250
765
738
215
179
696
800
293
131
617
842
388
103
528
862
484
104
435
858
584
124
341
829
671
166
258
781
748
226
189
709
809
303
136
621
848
