1651 9 11000 1 2710 a
875
403
174
403
851
649
161
260
769
770
256
160
646
846
389
105
502
862
533
107
357
827
776
144
221
744
780
272
145
626
844
397
103
487
861
540
110
353
830
677
174
236
754
770
319
154
642
850
396
113
510
873
527
114
375
840
652
158
255
770
759
240
162
661
839
330
104
541
856
473
95
411
843
597
125
291
795
710
196
195
713
797
293
131
371
875
418
101
489
864
534
108
374
843
648
156
261
783
746
225
184
694
819
326
126
697
831
426
107
480
864
544
112
363
838
648
154
262
777
740
217
181
696
806
306
126
579
891
411
100
498
863
515
108
396
853
621
140
305
809
715
197
225
745
789
276
161
678
820
362
121
570
869
455
107
473
868
549
116
377
843
639
145
288
799
717
195
253
759
787
259
153
658
829
339
117
577
858
427
99
482
861
514
102
403
852
591
127
431
782
674
169
253
777
751
225
198
721
804
291
149
655
841
358
116
572
860
432
102
481
881
507
98
417
850
577
114
335
826
643
142
271
789
707
182
213
743
762
235
168
703
784
293
135
635
837
360
115
568
860
428
104
508
865
492
106
442
864
558
114
422
877
628
131
323
824
674
159
270
795
720
195
221
752
760
234
180
709
796
275
150
761
797
315
129
613
845
375
110
562
861
426
105
511
866
479
104
465
867
532
111
419
851
600
122
371
851
624
135
333
832
665
156
293
812
699
176
255
783
731
201
221
753
771
205
192
723
786
254
168
691
801
284
146
661
819
315
133
628
835
346
122
600
605
405
120
567
858
408
111
541
867
441
107
516
868
473
104
489
870
499
107
459
866
628
76
425
860
546
104
406
852
561
107
380
846
580
110
358
838
596
115
342
830
616
110
347
825
626
130
315
822
649
136
304
819
663
145
295
815
677
159
298
810
688
164
289
783
695
170
270
799
701
174
260
793
709
175
259
790
711
178
251
788
717
180
146
779
720
170
244
779
714
178
242
783
711
179
247
782
716
177
253
789
712
180
259
899
686
171
269
800
710
175
274
804
703
171
278
811
695
166
287
813
686
158
295
817
649
150
302
821
656
142
312
827
642
132
328
831
628
123
342
837
608
119
357
845
591
123
359
847
576
108
402
857
552
107
422
863
531
108
453
871
507
106
482
872
484
2
532
877
450
103
531
862
419
108
554
853
384
108
590
840
352
115
614
827
321
128
747
785
280
148
677
795
261
169
707
773
231
192
741
753
211
224
771
726
179
260
797
678
176
295
821
655
138
337
841
616
122
378
854
567
112
424
864
523
103
473
866
471
109
502
857
421
105
565
847
361
117
616
830
317
137
674
803
268
172
716
776
221
109
784
747
185
253
802
691
157
309
834
643
133
368
855
584
115
429
870
520
110
489
974
437
100
554
864
388
118
607
837
319
145
675
803
255
181
729
757
204
227
777
703
149
327
817
636
126
354
848
569
108
429
865
495
109
507
866
423
112
589
850
350
140
673
800
277
179
728
769
209
234
785
702
160
297
827
624
118
372
849
540
95
456
751
509
104
537
850
363
116
618
816
280
157
710
764
212
216
479
479
480
481
483
485
482
484
482
486
485
485
488
487
485
485
484
487
486
487
486
483
485
484
483
485
487
482
484
480
483
481
482
480
480
479
479
477
477
477
477
479
476
477
480
478
483
478
479
481
481
487
487
486
485
487
485
487
486
489
487
490
489
491
488
490
489
491
486
489
490
489
487
487
486
485
486
483
483
484
482
478
481
477
481
479
479
478
481
479
478
479
477
466
479
481
478
480
480
481
477
483
481
484
493
484
483
478
487
485
487
484
496
486
486
486
488
485
486
484
