1651 9 11000 1 2710 a
476
476
477
480
477
480
480
482
482
482
483
482
484
483
487
492
488
484
487
485
488
486
486
486
483
485
483
482
482
483
482
482
479
478
479
477
475
476
477
475
476
474
475
474
475
472
475
473
477
473
476
476
478
477
481
478
481
480
484
481
480
484
480
484
481
484
484
485
483
485
483
484
483
483
486
483
484
483
483
483
483
481
483
484
481
482
480
481
480
479
478
477
477
478
482
478
485
478
476
478
477
480
487
482
481
480
486
488
485
484
485
486
489
489
488
489
489
488
489
488
489
489
489
488
489
488
486
485
484
486
484
484
482
484
482
482
482
485
479
477
480
481
477
477
477
479
480
477
481
477
480
478
480
478
482
480
480
479
482
481
483
482
483
484
483
486
485
487
487
487
483
486
485
486
483
486
481
484
479
483
479
480
481
478
478
474
476
473
476
474
476
472
476
472
475
472
474
474
476
475
477
476
475
481
477
481
479
481
479
481
480
483
483
482
483
482
484
483
485
482
486
484
485
483
484
485
485
485
482
484
482
484
483
483
480
481
479
481
478
478
478
479
475
479
476
476
476
477
477
479
480
479
481
481
482
483
485
486
485
486
485
487
486
488
486
491
489
490
488
488
487
490
487
490
487
486
486
486
488
483
486
485
485
481
484
481
482
480
481
477
482
479
478
481
478
478
480
481
477
478
478
480
475
481
479
480
480
483
482
483
484
488
484
486
500
487
488
485
488
483
487
484
486
484
485
482
483
481
482
479
479
479
476
478
477
476
474
476
473
474
473
474
472
474
472
475
473
476
474
476
476
476
478
479
479
480
481
481
483
481
483
482
485
483
484
484
485
484
484
482
486
485
486
484
486
485
484
484
484
484
483
484
481
482
479
480
477
480
476
479
476
477
475
477
477
478
478
475
480
477
480
480
483
481
483
482
484
484
488
485
488
486
488
486
477
489
490
489
491
490
490
489
490
490
488
490
486
487
484
486
483
483
484
482
482
480
480
479
479
478
478
480
478
480
478
480
476
481
478
480
480
482
479
483
479
482
480
484
483
485
484
485
486
484
489
486
487
486
488
484
486
484
486
482
483
481
482
478
481
479
478
478
475
478
475
475
473
475
473
473
471
474
473
475
474
473
476
473
476
476
478
478
479
478
480
482
483
482
482
481
485
485
483
486
481
485
485
488
485
486
481
486
485
481
483
482
483
482
482
481
482
479
480
479
481
475
479
476
478
476
475
476
477
478
474
479
478
489
480
482
487
482
481
480
483
486
486
486
488
487
489
486
490
488
490
488
490
489
491
487
489
487
488
487
487
486
483
485
482
484
481
483
480
480
479
481
477
480
479
479
478
474
478
479
479
480
479
478
480
477
481
479
482
479
481
481
486
483
486
485
486
485
488
485
486
487
486
487
485
486
484
484
481
482
478
479
479
478
477
477
477
476
474
475
470
475
473
473
473
473
474
473
474
470
477
474
477
476
476
477
478
479
481
482
481
483
482
484
482
484
483
486
484
485
484
484
482
485
484
484
483
484
485
484
487
483
485
481
484
481
481
477
479
479
480
477
479
481
477
477
478
477
475
478
477
479
477
487
477
481
482
485
482
485
484
487
487
487
487
489
488
489
489
488
489
490
491
488
489
486
487
488
485
487
485
486
484
485
482
484
479
484
479
482
479
481
479
481
477
480
474
478
478
478
478
477
480
478
483
478
483
479
481
481
483
482
482
484
484
485
470
489
486
488
484
487
484
487
492
485
480
482
482
481
480
480
480
478
477
474
472
473
476
476
474
473
473
472
473
471
475
474
477
475
476
480
475
478
479
482
