1651 9 11000 1 2710 a
268
802
705
174
265
794
710
174
258
789
710
178
250
785
710
176
244
785
685
166
244
777
711
173
238
776
707
172
242
777
711
170
246
780
709
171
247
787
662
200
260
792
704
170
265
797
700
168
269
806
690
166
281
811
686
155
292
817
807
154
291
822
662
141
313
827
643
133
326
830
628
124
338
838
608
122
354
842
594
39
397
875
574
104
395
858
555
111
423
862
537
107
448
864
512
107
479
870
486
108
548
848
456
114
536
871
424
113
563
860
394
115
594
848
362
123
623
835
328
137
650
778
317
154
677
797
264
169
713
777
232
196
740
751
204
222
771
721
180
255
797
765
134
282
822
656
140
337
843
615
123
379
859
569
112
423
865
520
102
470
864
470
26
536
873
412
100
562
845
364
112
613
825
311
133
661
801
263
164
709
771
222
201
796
706
175
252
796
688
150
301
826
636
131
358
853
579
111
422
863
516
102
486
867
412
130
553
858
384
121
614
837
323
144
674
804
260
183
729
758
206
224
775
700
231
234
803
639
124
352
845
572
105
428
864
498
103
505
868
425
111
587
850
351
141
588
842
293
182
727
771
219
235
789
707
165
303
832
635
124
377
858
549
105
461
866
533
79
542
853
373
121
633
818
288
159
710
770
215
221
479
478
481
480
478
482
478
482
480
482
482
487
484
485
485
486
487
486
487
486
485
487
486
485
486
482
484
481
482
480
480
477
479
477
478
475
474
474
478
474
472
474
472
474
474
474
471
474
474
474
476
475
478
476
479
476
480
479
482
482
483
484
485
480
483
483
486
486
485
485
484
483
483
487
484
484
484
484
483
485
484
484
480
480
481
481
480
477
483
477
477
477
478
476
477
478
477
480
481
479
481
483
480
479
482
483
483
487
484
488
487
486
487
486
489
486
490
487
492
488
490
484
490
487
477
485
487
478
487
482
492
485
483
491
484
481
480
482
480
478
479
476
479
478
479
479
480
479
480
479
478
480
480
481
480
481
482
483
482
486
483
485
485
487
486
490
480
488
486
487
483
487
484
484
482
484
480
481
479
479
476
468
478
473
474
471
476
473
474
472
472
471
472
472
474
474
475
476
475
473
478
476
478
481
482
480
479
481
482
482
481
486
483
486
482
486
484
485
483
487
483
485
484
483
484
485
486
484
485
481
484
480
485
479
481
479
480
479
479
477
477
479
475
478
477
478
476
479
478
479
479
482
482
484
483
485
483
487
485
486
487
489
488
489
489
490
490
489
489
488
488
485
489
485
489
485
485
484
484
483
483
485
481
481
480
481
478
480
478
480
480
480
479
480
479
482
479
480
478
477
480
479
480
481
481
481
483
482
483
484
485
485
487
486
485
487
485
490
485
483
484
486
483
485
483
482
481
481
479
475
479
475
478
475
475
473
474
472
473
470
474
473
473
472
475
474
473
476
476
479
477
480
477
481
478
482
481
479
482
483
483
482
483
483
485
483
486
481
485
482
486
483
483
484
485
482
486
483
483
483
482
483
483
480
479
481
476
481
477
478
476
481
477
479
481
478
480
476
806
662
137
382
852
579
109
436
869
489
105
534
866
395
124
630
834
306
163
713
784
228
223
783
712
165
300
835
626
119
389
860
532
102
481
863
434
102
576
842
342
130
666
802
254
183
743
740
186
257
803
665
135
340
845
578
108
436
866
485
102
535
861
394
123
629
833
302
164
716
781
226
224
781
707
162
295
828
618
116
383
855
523
96
476
857
427
98
572
838
335
127
662
794
250
179
740
735
182
252
800
661
133
337
846
573
109
431
865
484
102
531
857
389
121
625
831
302
165
711
779
223
