1651 9 11000 1 2710 a
201
185
660
860
458
110
371
825
691
275
156
596
868
518
119
315
788
773
291
124
540
861
569
134
264
748
800
334
178
468
842
614
158
227
713
820
373
98
446
851
648
179
199
684
837
409
99
413
842
607
221
196
661
851
442
106
393
838
707
218
172
640
859
462
106
371
820
715
222
158
692
830
465
99
352
810
717
228
145
606
850
471
100
343
812
720
229
145
606
858
474
63
375
816
722
228
163
618
859
476
105
364
821
718
226
159
635
857
462
105
381
905
684
202
173
656
853
436
102
400
839
680
194
187
673
838
402
98
428
845
647
165
138
720
836
366
96
464
857
615
148
244
741
805
334
114
522
870
569
133
287
780
781
329
112
568
873
518
120
339
817
736
242
159
632
860
452
105
396
847
680
188
187
673
790
397
105
462
852
610
146
255
742
791
312
115
540
856
532
111
325
796
740
238
224
608
823
450
104
409
847
670
181
214
712
825
359
113
504
868
576
133
289
780
765
191
162
601
860
463
97
383
831
672
178
195
693
816
352
100
493
856
563
121
287
780
789
223
137
616
854
443
98
406
845
650
164
229
726
806
326
116
547
864
528
112
342
774
739
219
178
674
840
387
104
482
865
581
132
290
786
755
249
151
626
850
428
165
407
817
623
149
249
755
775
280
129
592
857
466
104
401
846
652
168
236
739
803
236
156
592
869
493
109
393
847
675
181
230
739
808
318
127
567
865
493
107
387
838
710
174
223
732
799
303
123
572
859
475
100
394
839
646
145
237
743
783
285
131
602
813
475
104
422
851
622
145
270
771
768
260
155
642
852
416
105
476
867
583
129
382
784
713
216
183
684
828
355
107
524
862
512
101
358
825
664
163
220
731
780
284
52
615
867
430
92
435
853
598
132
293
793
730
221
178
685
827
352
114
542
867
502
178
365
841
650
161
256
763
772
259
158
644
845
402
107
500
862
537
110
357
834
672
129
253
745
776
267
139
620
845
399
98
484
859
541
110
352
828
675
174
236
753
856
225
137
641
850
398
113
511
876
534
117
379
844
663
162
262
774
764
251
166
672
761
385
128
544
861
478
101
419
849
607
129
298
799
716
201
197
715
799
296
128
608
888
386
95
487
868
529
104
368
840
650
165
269
782
742
229
187
697
822
328
132
593
818
459
107
475
864
546
111
363
834
650
147
261
772
735
217
177
693
802
304
122
727
799
392
95
497
859
510
99
389
844
614
132
294
803
707
189
217
737
783
266
155
585
855
369
116
564
862
453
103
471
865
547
114
373
843
638
144
286
798
718
195
214
777
757
260
157
664
825
341
111
573
854
424
97
483
861
514
101
400
848
602
128
322
781
708
173
256
776
751
225
198
720
806
292
151
653
844
366
124
575
868
439
108
569
849
502
105
422
856
588
121
345
834
653
150
276
794
715
188
220
746
764
238
172
620
826
311
135
630
837
358
114
567
858
425
104
503
868
493
103
444
862
561
116
383
892
596
131
325
830
672
161
269
790
721
192
221
750
758
229
177
704
791
272
148
654
776
343
124
602
837
369
102
555
852
421
94
504
862
474
98
456
863
527
102
414
929
557
103
370
848
620
132
326
831
662
151
289
806
698
173
255
780
732
199
225
761
689
249
204
724
782
254
166
691
804
281
146
657
820
315
128
626
834
351
118
597
849
420
88
563
862
417
107
540
866
446
105
514
870
471
108
489
872
504
107
464
871
527
69
459
872
549
111
412
859
570
113
388
852
591
117
364
847
605
122
345
839
622
199
308
831
639
134
317
821
651
140
303
819
663
150
291
813
678
156
286
809
689
162
205
824
712
170
