1651 9 11000 1 2710 a
363
106
552
858
455
98
455
861
552
112
362
841
645
150
278
794
729
208
204
734
797
284
153
654
846
373
119
562
869
464
108
462
869
556
119
366
842
647
151
276
794
724
206
202
727
792
274
147
643
834
359
108
553
858
453
98
455
861
547
109
361
836
640
147
279
795
727
204
207
729
796
278
153
651
845
364
144
563
865
463
104
460
867
553
113
365
838
642
146
275
787
733
195
200
715
785
267
143
636
831
354
105
547
853
451
94
454
856
547
103
364
836
642
144
280
793
726
203
205
728
790
278
149
650
836
365
114
558
862
455
102
462
868
551
115
366
842
642
151
279
795
724
201
203
726
787
273
145
641
836
355
106
550
858
450
97
457
861
549
111
366
843
639
151
284
799
730
209
213
734
797
283
156
656
846
368
122
561
870
460
109
465
869
553
117
369
843
646
147
281
793
724
200
203
728
787
269
147
645
834
353
111
553
857
450
97
457
861
546
111
365
838
639
147
281
796
725
203
210
732
795
280
155
651
843
364
121
560
865
459
102
464
864
550
110
363
834
639
139
275
786
717
195
200
721
781
266
142
642
827
352
105
554
851
449
94
459
858
548
107
368
836
641
144
282
795
719
195
207
731
787
278
148
657
841
364
114
561
864
457
102
467
794
572
112
371
840
642
145
282
794
721
198
203
728
785
267
145
643
831
353
110
551
858
451
98
461
865
549
112
369
844
644
149
285
799
729
206
215
734
797
281
157
656
849
364
122
565
869
459
107
470
867
553
113
372
842
642
146
282
793
720
199
207
726
786
268
148
645
836
355
111
555
859
450
97
463
859
547
110
369
839
641
146
286
797
727
204
214
734
796
275
156
656
843
360
119
561
864
452
102
465
864
545
108
366
836
631
139
276
789
715
193
200
723
781
265
142
642
830
348
107
552
856
445
94
462
859
545
106
370
838
639
142
285
798
722
200
210
731
792
274
155
651
842
359
117
561
867
455
102
464
865
548
111
368
842
635
144
280
794
717
195
206
724
786
264
148
645
834
351
110
564
857
451
96
466
863
539
112
374
842
646
146
289
801
731
204
216
738
797
279
159
657
844
362
121
567
864
457
104
470
866
549
112
373
841
640
142
286
794
719
196
203
728
786
266
150
650
833
353
111
560
857
449
96
464
860
546
109
373
841
641
144
287
799
724
199
214
736
792
274
157
656
841
359
118
565
863
448
99
467
859
545
106
370
832
634
135
279
789
712
189
202
725
779
264
143
645
828
348
106
556
853
445
96
466
858
545
109
373
841
640
143
293
800
722
201
211
738
788
272
156
656
836
360
114
566
864
450
100
468
867
545
111
374
840
636
143
282
793
714
196
205
730
781
266
148
650
827
352
107
560
858
451
100
467
867
546
112
376
847
640
151
289
806
727
204
216
743
792
275
160
659
841
358
122
567
868
452
105
470
866
546
113
373
844
635
144
284
797
717
196
208
733
785
268
151
651
830
351
114
560
861
441
99
465
862
540
111
373
844
637
145
289
800
722
200
216
738
791
272
158
657
839
354
191
544
481
481
482
480
479
479
477
477
475
477
474
475
473
475
473
476
473
474
473
474
474
476
474
476
476
477
479
480
481
480
480
479
481
480
483
482
484
483
483
482
484
482
485
484
483
484
485
485
485
484
484
484
485
484
482
483
480
484
481
481
478
480
477
479
478
480
476
478
477
479
479
479
478
478
481
479
482
480
485
482
484
484
487
485
487
487
490
488
489
487
488
489
492
488
489
488
489
487
487
487
486
486
486
486
483
484
483
483
480
483
481
482
481
483
479
481
476
479
478
479
477
481
