1651 9 11000 1 2710 a
133
572
728
466
121
298
745
750
275
124
529
813
549
145
250
722
779
336
86
459
838
595
149
326
681
794
386
100
421
807
656
190
174
623
808
397
87
370
782
660
197
157
591
814
370
105
329
776
701
234
145
586
826
490
107
324
781
724
249
147
543
820
499
106
296
791
725
268
116
535
823
513
112
273
749
731
262
126
537
815
518
129
273
750
732
171
125
526
830
519
116
291
749
734
281
128
530
829
506
109
294
742
733
261
123
556
930
505
100
297
760
718
247
138
561
809
460
103
328
777
710
237
162
603
825
441
101
294
792
694
201
167
625
820
422
116
390
812
640
170
191
655
807
373
97
429
828
600
181
210
690
768
325
102
484
811
548
128
273
736
739
278
139
551
835
489
120
330
807
668
226
148
614
808
419
94
383
796
639
147
184
648
767
346
90
459
817
561
126
363
728
746
280
120
535
815
491
109
326
776
696
221
153
628
810
417
98
421
839
610
121
231
700
769
307
112
506
817
511
109
305
761
699
211
147
620
804
399
75
419
816
637
166
237
712
769
305
129
534
832
501
100
329
797
689
210
185
643
811
376
114
364
825
564
128
263
737
718
246
136
588
822
424
90
400
799
607
153
222
703
764
295
224
553
828
494
122
371
804
661
182
198
679
776
337
104
492
827
503
99
324
770
671
154
169
657
785
339
97
473
816
522
111
305
767
688
205
174
643
797
358
102
480
825
574
119
309
778
703
217
182
646
801
358
100
483
826
521
110
314
780
676
190
178
560
776
336
114
516
820
501
117
348
796
659
183
212
703
773
311
126
555
834
468
104
497
822
628
157
246
732
749
261
138
586
814
405
91
441
818
571
120
285
756
689
204
129
647
786
335
112
511
834
490
111
369
806
628
168
243
733
754
272
145
595
817
409
132
448
822
538
125
292
759
685
179
188
669
766
295
110
546
814
432
87
408
813
482
129
285
759
702
217
181
662
788
326
118
550
831
468
104
408
821
590
133
278
762
805
210
168
664
774
312
104
539
818
440
92
410
814
575
126
294
779
687
198
204
688
737
297
131
577
826
422
110
453
825
538
115
357
796
651
159
236
723
741
247
148
625
844
356
102
518
816
470
92
401
809
580
123
292
770
681
192
202
696
761
277
141
512
805
386
107
498
835
485
100
388
804
585
126
273
754
675
175
190
685
750
260
131
708
806
356
99
500
816
465
94
407
822
572
119
311
780
658
165
233
727
741
250
171
664
795
318
123
564
822
407
94
464
818
495
98
365
809
583
120
280
766
666
175
214
758
740
246
161
653
794
325
125
576
825
411
109
489
837
494
106
404
822
572
130
226
783
644
158
249
742
707
205
184
682
744
266
137
609
805
334
105
543
814
411
98
577
836
486
108
402
822
567
126
286
808
636
149
262
762
689
175
209
710
737
230
159
622
768
285
121
587
808
350
100
533
815
412
89
465
822
474
96
406
822
540
109
340
844
606
138
296
779
661
168
249
747
709
203
200
706
748
246
159
662
758
287
121
406
779
322
108
559
818
379
99
520
820
435
99
465
837
494
106
418
828
541
115
376
929
600
124
331
792
626
145
285
776
665
169
250
747
693
189
210
717
722
216
185
689
708
243
159
658
770
280
140
629
793
319
126
601
810
352
115
566
827
381
113
528
825
450
94
492
823
434
91
458
813
460
86
429
814
486
91
399
811
520
103
380
807
449
102
356
809
574
122
341
805
599
129
334
798
624
152
302
794
647
153
284
780
651
258
268
760
664
160
242
750
669
163
228
739
690
177
214
734
700
195
212
734
718
202
176
732
723
214
209
726
736
220
202
