1651 9 11000 1 2710 a
633
764
242
179
707
706
178
251
770
651
135
327
811
556
109
422
838
465
105
512
819
369
114
597
788
277
145
667
732
209
212
733
675
144
280
784
585
106
368
811
501
95
463
824
414
97
551
811
330
134
644
776
256
195
720
718
182
259
775
644
129
329
810
541
96
410
819
454
94
502
811
365
110
592
786
280
154
677
744
215
217
752
682
190
221
721
754
257
164
647
799
336
122
560
829
423
100
471
827
513
99
375
808
593
127
285
766
672
178
210
713
737
235
149
633
787
322
112
551
819
418
104
469
828
512
107
379
818
603
137
293
773
674
181
213
709
741
242
149
634
783
321
105
546
811
404
87
456
817
494
98
367
801
588
129
282
769
675
175
221
708
745
249
159
643
793
330
119
558
821
419
103
464
825
505
99
371
806
588
131
286
767
672
175
208
706
743
245
154
639
794
332
119
557
822
419
106
472
839
518
111
384
821
602
137
293
779
682
181
222
716
747
247
158
636
792
322
113
555
834
408
88
462
821
498
102
375
805
596
134
289
767
677
177
218
720
753
250
167
639
800
330
124
553
822
410
93
460
824
494
93
358
808
582
115
282
758
659
170
206
710
731
247
154
632
790
323
110
554
820
427
104
478
835
508
104
380
803
590
143
298
782
666
219
139
602
816
453
94
325
742
712
238
122
537
829
498
107
282
743
742
280
119
512
836
565
133
253
716
776
330
119
467
828
598
153
222
681
802
373
106
432
809
630
180
180
647
806
391
91
371
812
676
205
151
586
813
454
99
330
779
705
250
131
559
836
504
117
291
740
745
289
122
520
828
568
125
247
708
762
312
96
472
812
588
153
216
670
778
366
92
417
807
633
169
181
654
811
406
107
383
799
673
210
154
602
812
450
96
334
763
712
243
137
561
831
504
116
269
737
753
274
118
496
814
542
118
236
704
760
312
99
477
825
576
156
217
675
795
377
105
427
817
642
196
203
651
815
403
99
383
787
676
211
160
587
810
469
93
332
771
695
226
135
550
829
503
106
285
752
738
292
116
526
828
539
141
250
726
775
321
115
474
810
578
154
215
686
786
362
89
415
813
618
168
177
633
806
376
86
365
784
662
222
112
453
799
656
236
116
467
812
670
237
120
469
822
675
251
120
474
816
680
250
117
473
817
677
249
119
466
803
657
244
107
462
801
653
245
119
461
818
681
234
118
462
815
668
255
122
478
813
687
255
125
486
813
659
243
130
479
820
677
247
119
483
822
685
250
113
476
818
682
235
116
449
807
670
241
113
469
803
675
236
118
455
815
669
253
126
479
814
678
249
119
462
819
672
249
106
483
816
653
233
113
459
802
656
224
120
484
806
651
229
111
454
755
662
249
112
472
809
671
243
115
473
817
668
251
121
466
811
676
242
127
474
818
670
228
122
472
808
667
223
108
465
807
665
234
102
463
807
653
249
125
468
816
679
242
119
480
821
665
245
136
480
819
671
246
117
483
819
682
244
128
476
810
661
243
125
482
812
664
252
121
471
808
667
236
113
467
807
655
236
116
467
808
464
459
463
465
467
473
467
467
467
447
465
463
464
461
459
444
477
459
451
480
454
457
457
453
454
457
450
458
445
468
450
452
464
459
456
468
459
460
462
457
462
481
457
464
464
456
466
467
467
465
468
464
460
462
462
453
461
457
454
458
456
454
459
455
451
457
451
458
461
461
455
466
464
461
468
472
466
469
471
471
468
468
465
471
466
466
465
469
472
467
468
468
481
470
446
459
453
443
462
464
456
454
460
457
461
461
460
450
458
460
462
465
463
463
460
473
472
469
465
468
467
470
467
