1651 9 11000 1 2710 a
716
730
210
198
703
746
225
188
709
741
229
185
732
741
224
179
691
743
223
173
688
742
220
176
684
742
233
192
699
744
230
184
499
744
235
183
710
745
225
189
709
732
220
191
689
722
208
201
705
708
194
195
711
810
201
214
724
696
174
216
740
691
177
229
736
684
173
244
761
677
163
258
766
670
166
275
778
636
136
290
794
640
134
309
777
597
118
302
791
584
109
333
802
560
99
411
812
538
139
400
832
505
112
435
818
494
97
471
833
474
100
492
827
430
103
416
819
386
100
553
818
375
112
574
817
327
124
609
784
287
137
639
768
255
144
680
864
238
189
701
728
221
220
743
701
182
248
761
672
162
286
769
621
131
323
803
569
67
358
815
529
91
398
822
472
81
450
818
437
102
507
828
368
99
557
810
349
127
659
800
284
154
661
767
239
192
704
729
199
213
744
685
168
281
767
637
119
311
705
540
108
372
816
502
88
432
815
450
100
494
815
389
111
576
814
332
147
643
781
377
177
687
750
219
198
738
694
159
268
780
639
120
326
808
550
92
402
824
482
101
428
814
412
101
538
816
337
134
610
789
276
174
688
750
209
216
745
662
164
287
792
645
104
349
814
521
105
431
815
435
89
516
817
347
108
593
772
261
144
440
458
449
450
457
449
452
451
460
459
465
450
474
457
482
459
467
483
461
468
465
476
466
462
463
468
454
453
456
453
460
462
449
455
443
458
464
455
454
458
454
443
460
468
473
469
470
462
464
471
465
470
466
463
476
478
468
475
458
462
467
468
467
466
453
468
470
455
464
461
453
460
449
460
481
453
458
455
451
459
454
450
460
457
473
465
472
474
464
461
471
467
467
466
469
467
462
449
464
461
456
447
450
449
446
444
453
469
450
457
456
446
455
450
468
450
452
468
451
456
457
465
463
461
469
461
459
480
467
465
453
465
470
467
472
462
471
483
462
456
439
461
459
467
454
456
462
459
453
456
475
453
458
475
454
470
464
472
473
464
465
468
470
460
492
464
460
471
465
465
474
463
466
464
468
460
472
461
458
456
452
452
460
458
458
453
469
452
457
463
469
454
461
459
465
460
461
468
468
464
460
467
458
470
463
461
464
458
457
462
455
456
461
454
448
449
451
448
445
446
456
450
449
467
456
454
458
458
457
458
454
458
465
456
462
473
466
465
470
469
466
469
470
484
466
469
466
464
461
461
468
460
453
462
454
451
443
458
449
456
468
452
459
456
455
461
461
465
467
468
466
468
464
471
470
465
460
469
476
477
465
464
462
468
465
464
471
461
462
459
458
455
464
460
461
458
461
454
455
457
456
453
458
460
457
455
459
463
468
468
463
468
469
466
464
463
466
460
465
459
462
456
456
454
457
461
455
456
453
452
449
453
455
447
451
455
452
451
462
453
458
464
459
464
458
458
459
460
468
458
462
469
462
461
468
469
467
457
462
470
455
458
455
456
459
453
456
454
453
460
458
435
458
457
459
468
463
464
470
472
467
469
464
471
470
470
470
466
471
465
470
469
467
466
467
466
464
503
676
740
212
209
742
673
156
279
791
588
110
370
814
499
91
457
820
415
99
556
812
327
137
648
776
257
201
716
724
186
252
774
638
128
325
801
544
97
411
810
451
96
496
808
364
104
579
784
275
143
669
737
210
207
743
672
151
281
791
597
114
377
829
509
106
464
833
421
106
561
818
331
132
634
767
249
177
710
704
176
244
760
630
125
319
802
546
100
412
823
455
99
512
822
375
123
600
801
296
164
683
746
221
221
747
681
162
293
798
599
120
377
827
510
98
467
826
415
102
554
809
322
120
