1651 9 11000 1 2710 a
453
451
469
454
456
457
454
456
458
454
457
457
455
463
467
464
455
470
462
463
463
464
465
469
466
469
470
465
461
460
458
459
461
454
438
458
458
456
459
456
455
456
460
449
462
468
465
460
465
469
466
466
474
470
471
470
467
469
471
467
466
468
465
465
468
468
464
468
464
464
465
460
463
463
457
455
460
454
460
461
459
451
462
460
464
463
463
469
466
468
466
469
468
469
468
459
466
467
462
467
463
460
482
454
459
457
451
454
454
449
450
451
447
450
452
447
457
462
454
457
460
457
452
459
475
458
464
463
468
466
470
458
466
463
474
467
464
463
476
466
461
462
459
456
451
460
456
454
453
455
457
455
452
456
462
459
459
459
464
463
461
467
467
470
468
470
468
481
471
472
466
467
471
470
466
468
466
465
467
467
464
462
458
459
459
457
457
457
452
456
455
455
458
454
459
463
460
462
457
468
462
464
456
462
468
476
462
466
466
463
464
458
458
458
458
457
451
455
453
454
453
453
451
452
452
449
451
457
452
455
457
460
455
458
457
460
458
460
461
460
464
463
463
465
465
473
465
465
451
467
463
457
463
460
462
454
456
456
453
457
453
463
454
460
457
462
460
461
456
461
467
456
469
468
472
469
471
469
470
471
471
462
469
466
468
467
464
469
466
462
464
463
452
458
469
459
458
458
455
455
459
458
455
452
457
455
459
460
458
463
464
476
465
464
475
471
464
468
467
468
465
466
462
463
454
465
454
453
455
455
455
453
448
450
455
443
452
443
453
455
454
455
457
455
459
458
460
462
458
463
464
478
463
464
469
465
468
484
469
468
473
467
463
479
461
462
455
453
457
456
456
449
456
455
464
454
452
467
456
464
449
455
466
478
466
460
466
467
468
464
470
469
469
467
466
468
465
460
467
468
452
466
468
470
471
460
460
460
464
458
460
460
458
456
443
456
458
448
462
454
461
476
459
463
463
468
466
459
465
470
464
464
459
454
462
462
457
449
462
453
460
446
454
446
457
451
448
448
455
455
457
454
458
461
454
454
465
456
459
457
457
465
463
462
463
467
466
480
467
467
465
462
459
466
456
458
454
441
454
461
458
452
444
458
453
447
457
441
455
457
462
470
468
458
465
462
462
470
468
473
469
479
481
472
470
473
463
465
471
466
467
462
453
466
459
462
473
464
469
449
446
460
466
454
458
447
448
457
458
463
441
460
470
470
465
477
471
467
465
449
476
475
471
463
460
464
469
450
456
472
441
464
452
444
449
441
444
443
451
454
447
454
460
456
453
467
446
451
464
456
455
456
453
457
463
463
470
472
478
462
455
462
469
487
475
468
465
462
452
458
442
457
456
445
454
456
448
451
462
448
468
463
463
468
444
459
464
475
483
472
471
488
465
463
477
469
465
482
473
466
460
473
480
467
459
449
463
460
443
455
463
458
470
456
453
465
442
455
464
464
457
460
461
465
465
470
481
458
470
480
471
467
471
468
463
461
432
461
459
457
460
458
452
462
453
453
469
456
459
453
460
448
448
458
457
445
457
455
457
452
459
462
478
470
462
467
460
453
459
447
465
467
478
468
467
470
464
462
460
463
460
456
455
454
449
451
453
444
447
463
454
469
450
453
455
457
464
469
465
464
468
451
462
468
482
481
472
481
470
463
466
466
460
468
478
455
469
463
475
457
454
449
443
454
469
458
457
459
438
449
455
462
454
458
451
474
459
465
464
466
468
477
453
471
464
478
460
463
453
464
458
459
456
458
464
449
452
460
460
450
450
449
459
454
445
467
452
451
456
455
454
453
453
459
462
441
466
462
461
463
