1651 9 11000 1 2710 a
459
463
457
461
479
453
461
473
456
478
462
464
453
457
466
457
449
462
455
455
455
461
460
461
466
462
466
466
471
465
469
472
464
463
478
472
465
485
459
468
483
461
465
469
458
465
470
463
478
461
462
439
468
460
456
456
456
448
455
455
459
455
453
464
464
458
464
461
454
465
461
468
472
458
470
459
468
468
461
464
466
450
455
458
455
454
451
445
453
450
451
461
449
449
448
451
456
452
453
456
456
470
456
451
453
458
463
473
460
466
472
467
463
470
456
469
464
461
468
461
462
463
457
462
458
455
460
451
455
451
462
455
453
439
454
459
454
463
462
471
464
466
465
465
469
470
470
466
474
475
468
466
460
472
454
468
460
480
462
466
460
459
461
469
471
458
448
464
456
455
452
454
452
460
454
456
461
462
455
466
459
462
464
464
466
467
459
470
464
454
463
469
456
456
453
454
453
453
452
452
447
452
455
454
458
451
453
456
449
456
451
459
449
460
454
458
458
463
462
463
466
461
472
465
464
466
463
464
467
466
465
461
461
456
459
473
454
450
454
458
454
464
436
454
457
456
453
461
459
462
470
464
466
469
467
466
471
466
470
474
471
471
466
469
473
466
472
466
468
468
461
469
462
465
457
457
455
458
454
456
454
457
450
450
500
479
810
649
233
123
491
820
658
238
128
498
820
660
239
132
498
819
653
219
28
479
812
649
211
125
491
808
635
213
118
500
816
627
199
128
509
813
619
194
138
629
835
608
191
142
537
820
599
184
156
561
835
593
173
166
579
834
565
161
180
601
829
536
145
185
614
815
517
129
204
634
815
493
122
230
667
813
465
120
256
694
807
476
116
282
718
793
422
111
318
742
775
373
100
351
760
755
337
99
379
777
726
203
100
419
794
689
253
110
461
808
662
223
124
500
825
626
200
158
553
828
584
172
284
611
830
533
142
212
641
813
479
112
248
679
791
422
93
284
717
764
363
85
337
718
730
311
95
401
789
701
262
110
462
814
655
216
138
530
824
602
176
173
599
842
577
142
217
658
816
465
110
266
705
783
388
89
326
740
745
319
95
393
786
692
162
102
477
816
644
203
154
562
840
571
159
199
637
827
492
125
267
703
804
406
107
445
780
748
309
108
417
800
685
240
123
498
820
603
166
159
585
819
520
126
223
671
769
432
104
310
751
766
342
109
405
800
700
257
125
497
822
621
175
162
589
819
508
157
229
678
784
398
87
319
744
736
303
94
415
799
659
214
133
535
823
568
150
0
636
816
452
109
293
738
770
345
105
410
803
693
238
128
518
823
582
156
182
625
917
468
103
277
720
769
345
102
394
791
694
244
133
531
833
581
153
209
649
822
458
75
307
747
752
330
106
431
813
664
216
145
558
819
536
134
235
684
793
397
87
347
806
711
281
112
488
815
606
182
182
631
821
469
115
303
753
765
330
113
427
815
561
201
155
576
815
499
114
226
699
769
356
99
382
784
664
208
127
541
819
541
119
342
688
785
399
81
371
790
693
250
132
528
829
559
143
232
687
808
413
102
365
772
667
253
114
528
816
549
141
220
672
797
379
87
371
786
684
233
122
546
830
546
140
291
704
790
365
103
404
806
676
227
150
584
826
494
124
278
724
765
323
117
454
714
616
187
181
635
805
433
87
320
761
713
265
118
511
825
569
143
230
664
792
384
209
410
804
667
211
166
604
822
488
119
299
738
745
284
106
478
815
590
142
204
666
758
368
87
382
789
652
213
147
582
808
471
113
289
750
733
276
118
510
829
573
133
278
690
792
365
112
413
827
628
184
180
636
794
423
88
355
778
681
225
