1651 9 11000 1 2710 a
810
596
126
343
780
599
127
316
796
604
122
310
792
596
119
308
782
600
104
310
782
609
124
309
773
620
126
310
788
606
123
315
795
606
130
320
803
605
134
329
802
616
128
327
792
564
107
350
812
577
122
336
802
570
104
348
802
554
106
368
812
546
110
382
815
519
133
403
828
532
102
420
833
499
111
437
831
494
104
456
833
469
104
477
822
443
110
462
817
419
110
510
817
385
101
529
809
370
101
557
809
345
117
589
801
323
132
648
794
308
149
646
783
268
164
669
758
240
174
690
731
212
192
709
703
182
215
731
649
145
240
752
650
140
272
769
612
131
313
802
582
118
359
822
551
106
402
842
490
103
447
828
471
107
485
828
421
102
529
813
368
109
572
797
317
128
632
773
272
159
631
742
233
181
704
724
187
225
748
686
172
268
780
645
144
317
811
592
128
371
850
543
107
422
829
476
116
478
823
423
106
538
813
349
114
594
786
289
139
655
754
200
166
702
719
192
234
752
670
155
291
797
610
124
355
816
535
101
415
823
464
78
478
813
389
94
551
791
315
111
619
765
257
160
683
724
194
214
742
668
153
281
801
582
112
359
819
529
110
441
828
450
103
517
825
370
119
600
789
280
152
668
740
265
215
727
674
151
266
459
456
456
453
459
461
461
462
465
462
470
467
467
471
466
471
469
481
463
468
476
466
465
463
466
465
472
465
460
462
458
457
458
457
458
459
456
448
454
453
448
456
453
475
453
455
453
463
458
465
461
465
468
467
465
470
466
465
463
465
461
458
456
464
456
452
444
452
450
442
451
452
455
450
452
451
452
450
454
455
452
449
456
459
458
460
456
462
461
468
464
463
466
466
467
465
465
463
466
461
457
457
456
458
455
456
458
452
454
459
454
456
453
460
447
459
450
463
467
464
466
467
464
465
467
468
466
468
467
470
464
469
459
468
464
468
465
465
464
461
461
458
457
454
461
457
453
454
455
454
470
455
456
463
460
457
465
462
461
460
467
459
468
463
470
461
462
468
462
458
454
459
464
454
448
460
448
452
450
447
448
445
449
447
449
448
449
448
453
453
454
457
455
459
459
461
460
463
464
464
463
469
461
467
468
462
468
466
464
463
462
451
464
455
456
447
448
455
446
447
452
453
460
448
460
449
461
454
466
471
466
462
460
464
467
461
470
470
462
464
469
467
468
462
465
468
466
464
467
457
458
458
460
461
461
453
440
460
456
454
452
452
444
455
458
454
457
459
459
455
462
463
472
465
469
479
451
462
461
468
459
457
455
449
461
452
464
449
454
461
450
450
454
451
452
447
448
449
450
462
459
455
463
461
458
457
430
459
464
452
460
461
461
465
466
464
466
465
467
437
458
462
468
449
456
451
460
463
457
461
445
453
457
456
453
459
462
463
465
447
467
469
472
471
466
468
470
471
464
467
468
473
468
464
465
462
463
470
460
462
459
464
455
451
443
460
459
458
467
459
457
440
447
464
476
459
462
450
461
449
463
462
456
468
471
472
476
471
475
467
458
451
463
459
459
458
454
446
600
767
260
145
672
720
258
81
507
814
519
107
251
721
754
310
104
487
823
586
142
239
688
787
354
104
436
810
633
179
197
657
814
399
103
401
797
662
200
154
614
799
423
99
335
767
689
223
142
560
820
492
111
301
756
731
287
125
537
837
538
128
268
731
766
319
127
487
821
600
146
232
685
787
347
100
431
810
620
171
177
653
796
405
98
378
804
659
183
167
608
811
447
103
346
780
694
244
150
575
842
490
115
301
748
729
269
121
522
812
525
99
247
723
738
300
104
468
817
568
129
215
678
