1651 9 11000 1 2710 a
449
453
452
448
454
454
444
469
449
454
446
435
446
451
452
455
446
450
459
452
461
458
456
466
459
464
465
464
466
467
469
465
462
467
469
465
463
461
458
458
459
456
454
458
452
456
453
455
452
453
460
458
460
461
465
453
465
465
468
461
455
470
466
473
467
470
471
467
467
463
466
465
465
462
473
462
461
463
462
463
458
457
458
472
456
461
466
458
453
469
457
459
456
457
463
470
464
461
466
464
467
465
463
467
466
463
469
463
459
452
451
456
462
451
452
459
451
449
449
450
450
451
450
449
448
453
450
454
458
456
459
457
458
462
453
464
466
472
465
459
471
470
469
463
461
473
465
463
459
457
466
457
450
454
455
454
456
454
455
455
457
450
457
458
462
463
453
465
470
469
468
469
465
485
466
469
468
478
469
466
467
467
464
466
484
462
463
462
463
465
463
462
467
458
459
454
455
455
454
456
454
456
455
459
459
461
466
466
466
468
466
468
465
465
465
464
461
459
466
457
458
450
455
455
457
450
452
458
453
450
449
452
456
450
457
459
460
449
460
455
454
459
459
462
462
465
466
462
461
465
465
468
457
464
468
463
461
465
459
460
456
456
457
453
452
453
454
445
456
446
453
453
460
460
462
447
461
465
465
465
468
470
470
470
469
471
466
468
471
466
466
467
465
467
463
458
468
462
462
461
458
461
454
456
454
454
455
457
452
456
457
456
459
459
463
452
460
462
473
467
466
463
466
467
464
464
467
454
468
459
466
455
472
439
453
464
449
452
449
451
449
451
452
447
452
451
454
454
454
455
456
458
458
460
460
461
459
462
468
459
463
457
466
465
477
472
469
467
464
463
461
459
457
458
456
454
452
459
458
455
457
454
456
459
451
446
458
468
465
465
468
463
466
470
466
468
462
468
462
462
465
464
462
465
469
461
459
454
462
460
463
457
460
462
456
456
456
455
457
455
455
455
457
461
456
457
458
457
461
465
469
461
467
470
468
464
463
463
461
459
459
458
458
457
451
453
452
450
450
456
458
446
450
437
454
451
451
452
457
456
456
458
462
454
458
461
463
467
464
464
465
461
464
457
467
467
463
462
461
465
461
458
458
462
452
456
447
444
454
454
451
445
452
450
445
457
456
457
463
462
469
467
473
467
473
470
465
467
471
470
466
474
467
469
482
467
463
470
460
464
457
463
459
464
443
459
446
464
456
455
462
452
454
453
443
458
466
467
466
467
468
461
462
463
464
464
469
465
462
459
456
459
451
460
457
458
445
423
449
459
451
449
453
438
453
451
452
448
452
451
444
456
451
453
452
464
461
453
459
457
448
466
463
460
468
467
469
465
462
460
451
459
462
462
452
459
455
457
451
447
471
454
463
455
451
463
460
458
452
468
459
478
466
466
471
463
466
470
465
470
492
469
470
465
468
468
462
465
466
455
460
456
466
467
447
448
462
452
464
457
441
456
458
461
466
458
459
457
451
449
464
469
481
466
480
459
440
450
472
456
467
463
466
455
455
452
454
448
443
443
450
451
453
456
448
455
438
450
442
454
454
452
456
448
458
460
469
468
462
468
467
459
460
472
460
462
455
466
466
481
466
469
465
459
458
453
460
449
453
457
454
449
455
440
454
454
449
461
458
453
443
460
463
468
482
474
458
475
476
471
476
480
463
466
462
469
465
461
469
472
459
459
467
463
464
458
450
451
461
451
456
454
459
448
455
451
457
448
461
453
457
470
455
453
467
461
467
463
464
447
452
460
457
451
462
461
457
452
447
448
450
459
445
458
443
452
445
453
462
469
456
459
451
465
456
453
466
475
468
470
