1651 9 11000 1 2710 a
781
352
105
431
810
614
174
184
660
797
427
98
382
795
667
217
171
620
821
432
96
344
789
695
227
143
565
815
481
108
281
748
723
260
117
520
830
530
119
251
729
760
329
111
489
835
582
152
237
698
787
358
108
467
816
629
176
200
658
806
392
109
399
802
662
188
167
604
812
419
96
336
782
701
222
115
548
815
478
114
311
756
729
209
225
752
681
156
307
792
587
112
367
814
491
100
476
818
398
100
558
796
312
122
635
755
230
184
716
699
182
243
781
618
118
339
829
533
91
423
830
455
93
524
824
353
130
613
781
279
160
709
732
200
228
742
655
145
293
777
575
107
369
822
489
99
470
823
396
115
568
798
313
142
643
759
243
184
733
705
174
270
784
625
136
344
815
540
93
436
829
440
101
516
798
359
117
611
784
271
159
683
723
196
214
749
657
141
303
794
577
116
391
826
492
95
486
828
403
112
572
802
325
137
645
760
231
180
714
690
160
248
759
612
115
330
800
523
83
424
820
440
79
517
813
354
115
608
779
274
163
691
743
207
233
760
667
153
311
801
587
113
384
825
496
95
475
822
388
105
560
800
297
140
654
749
223
185
716
689
170
259
780
625
132
354
811
535
108
439
831
449
106
534
822
366
127
610
795
275
166
690
747
296
99
402
781
716
290
98
399
780
711
290
103
398
778
717
287
97
404
779
719
295
104
413
786
722
301
106
406
793
717
307
101
402
780
718
289
98
393
780
710
294
93
399
776
705
290
87
394
775
716
294
92
396
780
715
297
102
403
786
716
298
111
404
783
722
300
106
404
791
724
296
104
402
780
712
292
100
396
781
714
288
96
394
776
710
290
108
405
788
720
298
108
414
789
728
303
114
407
794
727
306
105
415
794
726
299
108
404
791
716
299
101
401
783
711
291
96
400
786
712
286
94
401
777
704
285
97
400
782
719
299
104
409
792
730
298
111
415
793
719
299
100
404
784
718
288
94
400
778
708
283
90
390
776
706
282
90
397
782
711
285
95
396
777
715
291
102
407
789
718
293
111
409
788
729
301
106
415
789
726
299
100
408
787
718
287
96
404
782
711
288
97
403
777
714
288
97
401
784
719
203
227
758
664
150
299
802
584
120
390
834
498
101
487
833
409
112
570
803
314
137
653
764
236
192
719
713
167
260
781
618
121
337
813
524
95
431
823
439
100
530
813
358
129
617
784
275
166
709
732
202
226
754
661
141
296
792
573
100
379
814
480
86
467
814
390
93
554
798
300
139
639
758
230
188
717
695
167
254
783
621
127
348
816
538
104
435
832
447
103
530
820
354
123
608
781
266
157
685
724
188
221
744
654
136
298
793
575
106
389
803
496
100
484
827
405
113
578
811
320
149
660
769
238
202
735
700
175
264
788
622
132
341
820
530
96
434
827
453
94
501
808
348
112
608
777
263
159
690
728
196
229
755
662
145
306
806
579
116
394
827
493
100
484
824
393
106
566
796
303
133
647
752
220
184
712
685
159
256
775
610
115
346
803
529
95
433
820
440
98
530
816
353
104
661
783
254
168
694
720
201
232
757
659
141
306
794
552
98
379
813
475
92
476
815
392
91
565
798
292
142
657
768
240
201
730
696
171
268
788
625
131
355
819
540
108
436
831
447
96
537
819
346
123
612
786
270
162
688
730
192
233
744
654
137
302
798
575
104
390
820
486
102
482
829
396
114
577
804
313
147
656
758
233
192
726
690
167
252
749
607
126
333
806
520
82
426
811
427
72
513
807
342
107
611
777
274
167
688
735
198
235
756
654
137
324
803
582
122
388
831
491
98
504
820
397
112
