1651 9 11000 1 2710 a
470
470
469
451
467
468
463
468
460
464
471
459
473
451
457
454
462
460
455
449
451
444
461
458
472
456
446
451
454
458
463
481
481
469
467
458
469
479
461
470
470
461
476
471
479
468
462
456
471
461
473
453
460
462
467
459
457
450
460
454
458
452
452
448
465
448
456
454
460
459
452
468
464
458
467
457
461
471
459
467
475
463
465
449
464
460
460
467
456
447
435
456
450
440
460
443
452
442
450
450
442
451
451
456
450
458
460
451
464
461
457
455
463
464
460
471
476
470
476
457
470
462
461
475
461
458
452
460
453
461
463
454
455
459
454
458
468
460
476
458
470
458
465
478
462
470
478
464
473
476
461
467
456
459
469
475
466
465
465
481
464
445
465
458
460
466
451
460
462
459
456
469
455
457
448
459
457
454
438
454
455
458
462
463
477
465
461
471
462
455
460
472
459
461
465
456
445
465
453
453
454
470
449
450
456
453
449
455
451
454
460
451
436
455
458
456
472
459
462
460
462
463
467
457
465
465
463
466
465
466
458
465
463
459
457
457
453
456
455
451
452
453
452
435
461
451
454
456
453
462
458
461
459
465
464
462
468
472
469
469
471
468
468
474
464
466
469
467
470
466
467
463
462
463
457
463
463
456
462
456
455
462
456
456
454
451
453
456
454
457
450
462
469
463
463
459
462
465
466
463
461
464
464
463
467
457
457
453
461
456
465
456
449
459
450
458
444
459
454
458
450
456
458
452
453
451
457
457
457
465
460
459
461
461
464
464
463
464
464
466
471
464
464
459
467
458
454
460
455
456
451
456
451
449
452
459
455
457
455
459
454
463
457
461
469
463
467
469
465
477
475
473
458
466
461
465
463
465
468
471
463
458
455
462
460
457
458
456
451
454
454
455
453
454
453
454
454
454
458
461
457
461
460
465
463
457
471
465
464
466
471
460
466
462
470
463
464
457
461
455
451
450
452
447
450
448
450
450
448
457
452
451
451
449
450
455
453
454
455
466
457
462
458
456
459
463
466
461
467
465
464
462
465
465
465
462
460
460
455
460
456
459
445
455
455
450
454
453
457
452
455
463
457
463
461
462
465
467
464
467
468
470
467
468
469
468
466
466
465
466
465
464
468
462
461
462
473
461
458
457
464
453
461
454
458
460
453
456
455
456
456
462
463
461
459
463
465
463
463
459
462
465
464
467
462
462
461
456
454
454
451
439
450
452
452
449
459
448
450
452
449
451
460
457
456
448
458
459
454
460
458
465
460
461
464
463
464
464
464
462
466
468
465
462
463
465
457
461
456
455
455
450
455
455
452
450
454
448
454
453
457
460
454
458
466
464
465
464
470
469
468
469
471
473
469
469
469
472
469
468
451
464
464
466
463
462
460
459
458
457
459
461
457
456
453
452
456
456
455
455
456
455
462
458
461
461
464
466
460
463
469
470
468
458
464
462
461
457
462
460
459
455
456
453
452
451
448
452
447
444
452
452
452
452
454
453
452
452
456
452
451
456
459
463
460
458
462
461
458
470
462
465
468
463
467
463
462
461
463
459
453
457
451
459
458
459
454
455
455
450
453
458
458
468
464
462
463
458
462
468
484
468
469
467
474
467
467
467
472
467
465
460
464
471
460
463
458
457
460
460
461
461
454
464
457
455
455
448
453
457
458
463
457
458
465
464
467
462
472
469
469
453
466
467
468
467
455
473
459
459
448
461
453
435
449
454
458
443
447
447
449
445
451
446
450
454
457
447
456
454
465
457
460
461
462
464
468
464
462
460
462
464
463
470
467
466
466
475
464
456
448
454
457
452
454
450
457
445
458
462
