1651 9 11000 1 2710 a
453
447
454
454
456
459
462
452
461
466
470
459
470
470
464
464
472
468
478
468
462
468
461
472
455
480
469
458
457
470
457
461
461
458
469
450
460
459
463
458
457
450
455
460
458
441
459
458
460
473
476
466
467
469
464
449
463
455
457
475
456
460
450
451
448
448
446
468
441
448
443
439
447
448
459
457
457
460
455
467
456
452
452
457
460
457
467
462
467
473
473
468
468
473
469
465
467
472
467
457
466
450
460
455
452
463
455
463
456
448
466
461
457
462
460
461
470
463
471
471
458
475
466
480
465
463
469
477
459
462
465
469
477
466
466
475
458
460
476
458
461
460
457
450
447
462
461
456
460
464
457
454
477
475
471
463
466
460
459
461
475
468
467
439
465
462
458
472
471
457
465
468
452
464
453
458
459
459
455
450
460
449
457
444
454
452
472
463
452
457
455
455
462
456
452
455
453
461
466
463
466
469
456
464
453
466
468
466
472
469
468
460
449
454
440
446
446
458
463
443
450
444
453
457
476
458
454
467
459
462
462
464
463
467
460
469
472
467
475
463
468
457
464
465
463
448
465
471
475
464
452
450
469
462
468
455
453
459
449
458
456
461
453
456
450
470
463
464
464
475
464
460
460
468
472
461
466
462
473
470
459
472
468
448
442
449
452
445
455
450
448
440
459
447
437
457
448
463
455
456
463
452
457
465
453
456
460
466
463
466
474
470
484
463
473
462
455
476
462
462
454
457
458
462
451
463
451
453
447
448
442
450
436
463
447
461
462
463
463
467
469
468
467
476
466
463
454
477
469
478
470
470
480
471
469
468
473
468
464
459
464
463
472
469
457
435
465
455
463
453
453
456
450
451
457
453
453
456
460
467
462
463
455
470
469
466
464
453
469
460
461
442
460
460
448
456
455
452
458
450
446
461
450
450
454
453
449
453
452
454
456
467
441
461
450
455
458
459
449
458
472
460
415
467
461
465
467
465
464
466
460
469
461
453
450
460
458
458
444
0
0
0
0
0
0
0
0
0
0
0
0
0
0
0
0
0
0
0
0
0
0
0
0
0
0
0
0
0
0
0
0
0
0
0
0
0
0
0
0
0
0
0
0
0
0
0
0
0
0
0
0
0
0
0
0
0
0
0
0
0
0
0
0
0
0
0
0
0
0
0
0
0
0
0
0
0
0
0
0
0
0
0
0
0
0
0
0
0
0
0
0
0
0
0
0
0
0
0
0
0
0
0
0
0
0
0
0
0
0
0
0
0
0
0
0
0
0
0
0
0
0
0
0
0
0
0
0
0
0
0
0
0
0
0
0
0
0
0
0
0
0
0
0
0
0
0
0
0
0
0
0
0
0
0
0
0
0
0
0
0
0
0
0
0
0
0
0
0
0
0
0
0
0
0
0
0
0
0
0
0
0
0
0
0
0
0
0
0
0
0
0
0
0
0
0
0
0
0
0
0
0
0
0
0
0
0
0
0
0
0
0
0
0
0
0
0
0
0
0
0
0
0
0
0
0
0
0
0
0
0
0
0
0
0
0
0
0
0
0
0
0
0
0
0
0
0
0
0
0
0
0
0
0
0
0
0
0
0
0
0
0
0
0
0
0
0
0
0
0
0
0
0
0
0
0
0
0
0
0
0
0
0
0
0
0
0
0
0
0
0
0
0
0
0
0
0
0
0
0
0
0
0
0
0
0
0
0
0
0
0
0
0
0
0
0
0
0
0
0
0
0
0
0
0
0
0
0
0
0
0
0
0
0
0
0
0
0
0
0
0
0
0
0
0
0
0
0
0
0
0
0
0
0
0
0
0
0
0
0
0
