1651 9 11000 1 2710 a
452
462
451
465
465
467
461
466
467
465
469
467
467
467
462
465
459
466
465
467
468
464
460
466
462
462
455
462
456
456
456
462
457
456
452
455
454
460
460
458
457
456
467
466
462
470
464
468
474
467
472
463
471
464
454
459
456
455
456
456
460
451
457
451
448
450
451
446
449
445
454
455
452
451
462
453
455
467
459
459
459
462
461
467
473
464
459
462
461
464
468
465
462
464
469
458
458
467
464
454
447
452
453
457
457
450
454
455
453
456
454
459
458
467
456
465
465
474
461
467
470
469
470
474
481
466
470
468
469
469
468
466
469
465
453
465
459
464
459
459
463
458
456
454
456
455
450
466
456
454
451
468
461
462
464
463
461
457
471
470
471
469
462
456
459
466
459
476
454
455
454
449
442
453
451
451
452
441
450
448
451
447
444
456
455
455
461
438
463
458
457
465
465
461
456
463
453
477
462
469
420
463
465
466
463
469
465
459
459
455
449
460
454
450
449
450
446
453
454
466
463
458
455
443
469
476
473
467
468
480
488
469
479
467
466
467
457
464
466
462
472
466
469
466
462
463
450
453
460
456
445
460
452
459
453
449
452
450
461
461
465
463
459
460
466
466
449
467
465
462
465
476
467
467
468
462
470
459
453
468
457
461
448
456
449
454
800
617
160
179
630
811
473
118
226
656
790
485
102
221
655
811
472
130
232
665
824
476
131
252
678
816
475
123
257
679
811
428
97
234
674
804
447
109
260
682
786
427
104
266
701
786
412
88
284
715
774
380
150
309
744
797
388
110
341
741
766
368
113
356
756
757
343
104
376
783
727
327
110
374
770
727
299
97
417
799
690
257
110
450
803
667
219
120
488
813
642
214
140
537
838
611
183
161
568
832
577
159
172
564
817
526
127
198
616
811
468
113
231
659
775
425
96
280
705
777
393
84
320
759
756
351
96
367
780
736
312
103
415
798
666
309
149
472
827
652
214
128
520
822
596
177
158
578
811
525
134
181
635
812
475
125
229
674
781
415
106
333
737
776
357
104
368
783
698
294
115
451
830
679
236
128
526
830
621
176
170
582
836
535
135
202
642
801
453
102
268
711
780
379
92
346
759
703
280
113
421
814
680
244
137
518
824
610
189
174
595
821
528
128
218
666
799
406
117
305
723
759
327
90
390
779
694
246
109
476
808
602
190
150
585
816
530
138
224
610
798
442
111
309
735
770
338
96
407
801
694
243
123
505
810
592
169
176
592
819
506
113
257
692
786
373
94
343
763
726
290
104
469
828
634
210
167
576
832
526
105
227
681
800
429
100
335
771
734
299
111
457
813
638
197
155
566
826
514
122
213
697
805
397
92
363
764
718
275
114
476
821
619
184
173
605
828
490
115
272
717
792
334
83
389
786
679
231
127
519
812
552
140
198
649
792
415
84
323
747
726
289
127
488
819
623
176
168
621
819
482
118
283
727
769
342
105
426
805
664
213
151
571
803
501
125
247
688
776
363
85
383
787
678
216
130
538
826
531
134
230
677
788
369
100
393
797
694
242
135
547
836
550
136
250
697
793
379
102
390
803
683
232
136
568
802
522
125
243
700
775
352
94
401
795
655
200
147
572
818
498
112
278
729
757
361
131
453
816
625
186
177
624
812
451
94
318
750
721
264
106
498
812
568
135
208
629
765
373
90
376
790
671
211
138
568
822
497
110
280
733
755
308
110
472
825
585
164
212
658
805
408
99
366
789
687
226
133
555
819
486
110
270
729
746
297
106
485
792
576
152
220
673
801
398
104
399
806
669
213
164
610
824
469
115
334
772
725
282
140
533
828
529
119
