1651 9 11000 1 2710 a
451
810
700
267
116
448
807
697
264
112
440
791
694
257
111
444
807
690
261
109
439
796
684
253
109
443
795
683
255
111
452
801
687
273
112
450
805
697
268
116
450
802
688
263
107
445
796
689
251
104
436
790
677
257
95
434
793
678
250
102
432
793
682
255
103
440
799
683
262
102
444
801
691
274
113
448
814
695
269
114
450
807
692
216
185
673
770
287
132
590
803
364
96
498
828
452
86
412
814
547
112
328
795
638
157
254
742
719
221
192
679
782
290
136
598
816
375
113
512
829
464
98
417
822
540
112
329
786
636
148
245
737
701
207
170
674
759
268
123
594
805
364
99
506
829
462
118
418
824
556
121
332
792
635
157
249
727
706
204
180
668
753
277
123
590
804
354
99
500
819
460
91
409
813
540
120
335
788
627
149
249
746
712
210
180
674
768
299
138
616
809
374
102
511
826
470
98
418
808
544
116
337
780
627
142
235
729
691
210
184
672
768
293
140
595
806
373
117
526
845
466
93
403
825
553
122
332
806
650
150
248
748
708
213
186
690
768
279
127
589
803
367
108
506
818
456
96
415
805
545
116
339
770
632
149
259
744
716
213
192
693
774
298
141
604
813
371
102
510
819
455
92
409
815
533
107
327
786
620
128
228
745
695
179
228
762
633
124
320
794
563
100
402
820
474
92
501
828
394
115
584
803
298
138
667
754
227
213
726
678
149
258
782
597
100
327
802
499
95
434
824
418
95
533
810
352
134
631
790
266
177
711
721
199
255
764
652
140
321
812
573
116
417
826
471
106
494
827
379
117
587
788
285
145
662
747
210
196
719
664
146
276
785
613
127
362
812
516
123
462
839
434
107
545
818
331
138
637
761
258
160
686
699
179
227
759
641
136
308
789
544
98
396
811
459
90
493
821
380
108
587
805
297
144
675
750
211
218
737
684
165
274
799
608
111
361
825
524
103
446
826
393
92
530
801
322
124
610
766
253
169
695
716
184
229
766
650
151
322
815
566
104
420
832
468
104
507
832
395
128
594
793
294
161
674
746
225
215
732
680
151
277
782
594
90
351
811
518
90
442
826
411
100
531
811
336
129
628
784
255
186
709
723
230
146
584
823
466
110
315
757
716
258
125
517
813
515
124
249
723
745
299
103
478
815
562
129
251
686
771
334
99
451
811
620
165
198
654
802
390
91
401
797
654
194
172
631
817
434
102
343
783
684
227
134
575
827
474
101
306
755
713
266
124
533
826
524
104
276
742
754
309
109
494
834
578
142
239
698
790
343
104
446
815
612
175
192
663
802
382
119
394
792
653
188
169
614
810
429
88
332
782
678
225
145
572
830
479
116
315
762
726
258
129
538
828
528
122
272
733
759
298
111
484
796
565
129
221
685
762
328
91
431
810
602
155
194
652
790
380
92
395
795
646
191
172
635
814
437
99
358
787
695
228
150
585
827
481
110
310
757
714
255
118
531
818
515
114
261
717
745
294
103
485
818
570
130
238
703
778
346
111
447
822
613
172
207
670
806
394
103
408
809
656
195
159
625
815
441
92
355
785
682
200
183
677
755
270
125
597
797
354
101
513
818
441
97
430
821
545
117
344
796
630
159
260
762
711
199
195
680
769
277
137
602
797
354
104
514
812
443
86
410
814
526
104
340
791
622
142
256
749
697
203
187
684
763
276
136
607
808
361
109
518
828
449
100
430
820
542
109
334
787
621
143
250
742
694
193
174
675
750
281
132
606
801
360
106
528
827
458
106
432
833
545
123
343
813
636
156
262
760
703
207
188
689
762
280
137
614
801
360
102
520
824
442
98
424
812
537
