1651 9 11000 1 2710 a
261
715
757
313
98
464
809
583
145
201
668
782
366
90
403
779
628
179
182
639
815
431
111
370
791
688
224
151
597
823
468
107
322
760
713
232
171
541
818
499
115
275
734
731
273
107
506
814
530
117
254
722
749
298
106
485
831
538
128
245
708
774
329
108
475
822
584
146
235
697
776
335
104
455
816
584
145
242
695
773
332
93
446
814
591
147
221
682
779
350
106
456
823
594
156
237
703
785
320
97
468
828
591
151
242
708
785
331
108
481
823
568
134
246
714
761
302
104
477
841
545
118
265
726
736
275
127
525
826
502
115
301
761
723
259
140
572
827
473
118
307
768
690
218
148
599
805
421
84
372
785
642
167
174
644
787
364
91
425
810
649
160
224
700
770
316
102
494
823
547
128
279
748
743
267
134
561
827
478
105
346
756
667
204
167
626
800
388
88
408
805
604
152
212
689
762
313
106
495
827
533
103
320
759
736
246
150
598
825
443
110
389
807
640
183
205
680
787
341
107
482
827
555
103
276
749
714
243
137
581
812
428
93
385
802
622
160
205
685
775
320
112
510
855
531
118
316
774
701
218
163
625
802
391
96
422
817
571
125
247
713
737
257
122
531
794
435
90
363
796
622
167
206
691
766
307
113
522
818
492
102
343
791
667
172
215
671
780
349
108
491
815
525
113
313
772
682
203
167
637
791
348
93
475
815
542
90
291
772
693
205
187
647
806
371
109
486
829
513
129
310
772
695
221
178
655
822
354
108
486
828
518
114
323
775
667
189
180
664
778
322
106
510
820
487
98
354
761
630
169
212
699
769
301
131
559
826
454
106
401
815
614
143
255
730
733
244
112
628
807
374
79
443
837
536
103
293
762
667
187
175
661
776
312
105
516
821
464
109
354
804
607
151
255
754
730
246
151
620
816
384
102
471
826
537
118
342
784
636
192
223
697
743
269
100
584
798
387
99
433
827
538
112
311
783
675
193
205
705
774
263
119
562
826
429
104
454
832
552
120
302
785
684
195
209
692
750
290
127
566
791
441
112
464
819
519
97
336
790
643
171
227
717
727
253
149
616
814
364
123
513
850
466
91
382
809
587
123
264
734
695
193
175
662
759
296
107
537
808
402
98
453
823
538
115
340
793
626
146
241
729
714
235
173
662
789
311
135
567
827
441
93
437
794
514
113
346
790
628
136
226
734
692
208
171
652
768
293
123
578
809
404
110
455
853
513
136
390
825
603
145
294
789
684
187
227
720
746
254
139
630
796
324
116
554
798
408
92
451
820
514
107
361
800
591
129
284
773
669
175
218
714
745
238
160
685
807
340
124
567
813
400
119
474
840
486
97
400
813
562
116
324
782
614
128
242
707
665
190
195
694
737
246
140
618
783
321
124
574
809
392
107
481
828
458
100
416
842
534
108
356
822
609
138
292
768
666
173
235
729
707
194
178
684
752
273
148
644
760
305
122
578
817
376
105
510
838
437
122
466
834
504
104
404
822
552
118
348
800
647
142
286
780
657
160
253
739
699
205
222
709
735
229
168
656
752
259
138
637
765
305
116
568
812
369
100
539
824
405
111
493
829
454
98
441
829
494
101
399
794
561
101
357
799
565
117
310
779
598
118
271
766
648
150
255
749
681
180
227
729
719
173
210
707
730
244
183
694
755
260
163
648
766
286
139
625
788
308
119
593
801
345
130
565
808
345
104
537
810
383
110
519
823
416
112
509
830
432
102
456
822
466
76
442
840
477
104
454
832
500
104
426
825
528
96
425
828
526
100
392
814
533
82
398
829
562
107
349
804
553
112
350
811
574
119
342
811
590
135
339
