1651 9 11000 1 2710 a
103
336
791
611
150
255
754
697
208
197
688
762
282
144
608
812
364
108
524
828
445
94
430
819
535
94
332
781
613
134
244
747
690
184
179
676
747
261
134
600
791
350
103
523
820
447
95
428
823
539
115
348
799
628
151
266
757
707
206
198
688
761
273
135
607
798
351
103
513
818
440
92
422
817
529
109
339
797
623
148
262
756
675
226
155
593
828
479
114
325
766
722
261
133
544
831
522
124
281
735
753
295
110
495
823
556
133
240
699
768
324
97
446
815
595
157
205
666
795
382
102
409
806
646
196
178
623
812
432
93
361
785
666
215
149
581
814
462
94
308
754
703
246
118
532
812
508
112
270
729
742
282
109
495
820
562
131
244
703
775
337
104
452
818
606
166
210
674
798
381
99
409
804
640
188
167
622
806
416
89
353
779
672
208
142
585
820
468
107
323
764
719
260
138
548
836
522
131
283
746
760
300
123
504
832
566
139
250
708
771
337
102
453
820
592
153
206
665
792
368
90
400
799
633
180
167
619
810
420
96
367
790
685
222
130
592
825
470
110
325
764
719
253
131
541
820
511
110
273
730
741
283
103
490
815
551
124
226
698
767
322
86
450
811
599
153
205
670
786
376
96
407
813
644
190
181
638
814
425
86
370
792
689
216
150
592
810
465
100
310
756
710
243
123
530
818
512
113
279
754
746
295
113
505
832
564
147
249
712
776
339
111
465
827
607
161
219
673
792
382
108
410
799
647
181
176
638
804
414
95
366
787
672
223
148
583
825
460
106
338
772
716
257
136
552
826
518
123
286
746
753
294
116
501
818
552
140
235
691
765
321
95
442
803
584
145
202
663
786
369
93
399
796
624
181
173
627
811
425
103
372
792
683
225
154
597
821
482
112
326
754
714
251
132
551
819
514
106
272
726
735
279
110
488
821
548
126
256
703
768
320
107
467
823
607
162
206
668
804
381
108
418
804
649
174
183
654
810
430
103
370
783
680
216
148
592
805
463
110
323
768
716
260
121
546
821
499
111
280
729
747
280
111
506
822
564
144
247
708
774
336
107
451
820
592
147
206
666
785
367
88
405
804
628
183
177
658
814
407
88
357
788
666
219
152
584
817
451
109
311
773
712
251
129
555
832
519
122
287
740
755
282
120
511
828
553
127
232
691
752
322
91
445
810
574
148
203
667
794
373
100
421
801
644
196
198
646
814
428
110
381
807
680
219
160
593
829
471
116
322
776
709
229
139
550
830
502
104
284
736
740
280
108
501
820
539
127
249
701
780
334
100
466
822
595
160
207
675
799
379
90
414
813
634
184
185
632
785
411
89
350
787
684
206
155
559
813
467
89
317
751
696
240
124
536
835
505
119
297
740
743
283
115
506
817
551
138
253
718
776
333
112
460
831
601
141
220
667
800
368
93
414
802
628
184
174
630
806
419
97
372
784
684
209
152
608
818
469
114
331
776
723
263
138
553
812
515
119
287
768
745
290
130
507
829
557
129
251
717
783
324
99
444
816
588
137
206
672
798
372
95
418
812
632
178
177
638
811
472
461
466
484
471
461
463
459
462
463
448
455
456
466
451
451
450
443
442
451
456
451
456
448
465
452
457
441
457
455
448
453
462
478
462
461
473
470
459
464
448
468
461
460
473
463
460
454
461
458
453
449
464
467
452
454
459
459
457
452
452
447
451
473
456
462
477
454
469
473
476
472
473
456
470
466
459
468
469
467
468
461
462
468
466
467
454
463
462
471
462
459
460
460
456
463
459
452
458
451
460
457
452
454
462
472
463
464
467
457
466
470
461
467
469
460
464
463
463
460
459
461
