1651 9 11000 1 2710 a
574
793
307
133
651
750
230
196
716
683
158
257
776
592
113
346
812
529
106
433
824
446
111
529
823
372
139
623
778
272
148
694
736
198
248
766
657
158
304
797
577
117
395
816
475
106
482
805
380
102
566
790
296
141
672
759
233
209
722
693
169
268
781
620
142
351
820
538
96
441
832
413
97
524
797
332
111
603
773
257
156
689
726
218
164
637
768
288
116
587
820
388
108
493
826
484
109
408
842
567
121
313
808
651
163
237
730
718
220
160
662
776
292
129
578
801
378
93
495
820
472
85
396
810
568
122
314
794
647
166
246
747
735
229
191
670
777
313
130
594
827
401
105
494
814
478
113
408
832
564
133
320
790
646
170
241
740
709
230
171
656
777
287
118
571
804
373
109
494
828
484
87
404
817
556
137
326
793
648
163
233
731
728
229
162
657
763
284
116
569
797
371
89
484
799
461
99
396
810
557
112
308
785
640
152
240
741
732
223
178
666
772
293
127
594
810
393
107
494
829
460
102
404
815
563
115
320
796
632
153
248
732
714
223
168
667
768
296
130
591
827
388
103
509
836
478
107
405
827
567
122
320
799
643
173
241
732
722
216
172
680
773
292
136
584
817
369
102
497
817
459
96
404
817
555
118
326
781
642
161
265
744
721
223
190
671
776
298
131
589
825
376
96
478
820
467
91
391
813
550
106
301
778
645
138
231
746
705
218
166
672
768
291
143
587
808
366
103
500
826
476
105
418
813
564
126
327
789
648
168
245
736
717
234
170
662
772
280
120
585
801
372
104
472
825
462
108
404
814
582
116
322
798
659
166
242
751
727
227
196
675
783
303
138
593
821
383
108
508
832
468
108
398
817
566
112
341
784
631
154
237
733
705
211
173
665
761
290
136
590
811
381
110
506
827
478
121
410
833
561
118
325
788
640
153
239
719
708
207
176
663
766
285
121
582
801
369
95
493
820
462
102
405
821
550
119
321
786
640
153
241
746
715
219
182
673
775
294
135
585
821
376
102
496
825
460
92
401
812
544
108
314
793
636
153
246
738
715
217
184
685
784
296
138
596
819
384
113
510
834
480
125
419
837
564
131
330
795
656
137
232
742
712
219
169
674
766
291
124
591
802
371
99
498
820
451
98
408
802
559
119
316
795
648
157
253
747
720
219
185
674
768
289
126
589
806
364
94
501
814
455
101
404
808
530
101
310
780
628
148
235
736
709
212
176
668
762
288
139
594
809
380
111
506
833
470
105
414
827
558
116
327
795
634
156
245
745
701
208
175
666
759
284
122
589
808
365
101
501
825
468
95
417
824
560
124
331
801
638
164
249
746
719
221
186
682
777
296
133
597
805
376
100
506
825
461
97
410
819
553
110
321
780
650
148
240
733
708
208
177
668
773
292
133
600
816
385
113
509
826
465
96
413
817
549
108
321
781
634
151
238
736
701
209
171
662
752
276
124
587
801
365
100
500
817
462
95
421
820
555
113
327
792
642
159
253
747
716
215
182
678
771
287
126
595
802
366
99
496
817
455
88
404
809
548
113
326
787
637
155
249
742
718
270
115
450
808
703
272
119
450
809
699
270
116
450
809
697
269
114
445
804
692
262
110
439
799
686
258
107
438
796
685
254
104
434
793
684
262
105
442
801
691
264
118
448
810
691
274
116
447
818
691
266
106
442
799
677
256
101
429
791
678
256
91
430
790
680
254
103
434
794
679
258
105
437
804
686
262
107
443
802
691
270
108
453
808
687
268
114
447
809
693
261
109
444
800
685
260
105
436
793
685
255
108
436
802
685
264
108
439
803
689
268
115
448
805
695
273
117
